tag, type, x, y, z, ad1, time, real_time, acc
1,Linearaccel,-0.18069506,0.06624222,0.038617134,0,0,1475565946408,3
1,Linearaccel,-0.09973192,0.030805588,0.013539314,0,50,1475565946458,3
1,Linearaccel,-0.09536338,0.06044054,0.036161423,0,101,1475565946509,3
1,Linearaccel,-0.09319258,-0.019528389,0.057068825,0,151,1475565946559,3
1,Linearaccel,0.022970438,-0.068219185,0.06405115,0,201,1475565946609,3
1,Linearaccel,-0.032141924,-0.08073902,0.051564217,0,252,1475565946660,3
1,Linearaccel,-0.017938614,0.013890266,-0.09246302,0,302,1475565946710,3
1,Linearaccel,-0.024775743,-0.065757275,-0.12172651,0,352,1475565946760,3
1,Linearaccel,0.04954505,0.045940876,-0.070381165,0,403,1475565946811,3
1,Linearaccel,-0.020709515,0.050258636,-0.052736282,0,453,1475565946861,3
1,Linearaccel,-0.0014817715,0.015274048,-0.003882885,0,504,1475565946912,3
1,Linearaccel,0.046031952,-0.018979073,0.067840576,0,554,1475565946962,3
1,Linearaccel,-0.023808002,-0.044621944,0.025042057,0,604,1475565947012,3
1,Linearaccel,-0.009104967,0.074429035,-1.5306473E-4,0,655,1475565947063,3
1,Linearaccel,0.006741762,0.024460793,-0.046615124,0,705,1475565947113,3
1,Linearaccel,7.376671E-4,0.04033327,-0.039010525,0,755,1475565947163,3
1,Linearaccel,-0.029781818,-0.029464722,-0.024452686,0,806,1475565947214,3
1,Linearaccel,-0.06492782,-0.033339977,-0.04142189,0,856,1475565947264,3
1,Linearaccel,-6.098747E-4,-0.022294044,-0.030853271,0,906,1475565947314,3
1,Linearaccel,0.030123949,-0.0074920654,-0.03958893,0,957,1475565947365,3
1,Linearaccel,0.0127773285,-0.030011654,-0.07772303,0,1007,1475565947415,3
1,Linearaccel,0.064045906,0.021578789,0.0055360794,0,1057,1475565947465,3
1,Linearaccel,-0.012718916,-0.028562069,0.028104782,0,1108,1475565947516,3
1,Linearaccel,-0.05538988,0.1425519,0.0105519295,0,1158,1475565947566,3
1,Linearaccel,-0.0949204,0.030026436,-0.068376064,0,1208,1475565947616,3
1,Linearaccel,0.035475016,0.0015115738,-0.002322197,0,1259,1475565947667,3
1,Linearaccel,0.0010857582,-4.6157837E-4,0.056797028,0,1309,1475565947717,3
1,Linearaccel,-0.12379074,0.12807226,0.07898283,0,1360,1475565947768,3
1,Linearaccel,-0.16912603,0.01149559,0.1066165,0,1410,1475565947818,3
1,Linearaccel,-0.1677351,0.04521036,0.1290474,0,1460,1475565947868,3
1,Linearaccel,-0.18190813,-0.12617445,0.11988926,0,1511,1475565947919,3
1,Linearaccel,-0.1762557,0.047817707,0.1195817,0,1561,1475565947969,3
1,Linearaccel,-0.11689997,-0.020346165,0.06588507,0,1611,1475565948019,3
1,Linearaccel,0.0013914108,-0.025519848,0.035283566,0,1662,1475565948070,3
1,Linearaccel,0.043388844,-0.0030798912,-0.012173653,0,1712,1475565948120,3
1,Linearaccel,0.018709183,0.07935333,-0.0762229,0,1762,1475565948170,3
1,Linearaccel,-0.04636097,0.15022755,-0.06600666,0,1813,1475565948221,3
1,Linearaccel,-0.018048048,0.09644127,-0.004606724,0,1863,1475565948271,3
1,Linearaccel,-0.0951035,0.1663909,0.117348194,0,1913,1475565948321,3
1,Linearaccel,-0.2793088,0.22139215,0.18543053,0,1964,1475565948372,3
1,Linearaccel,-0.34674644,0.33243847,0.38427305,0,2014,1475565948422,3
1,Linearaccel,-0.47585654,0.40280056,0.52494526,0,2054,1475565948462,3
1,Linearaccel,-0.59821796,0.5156889,0.5426984,0,2105,1475565948513,3
1,Linearaccel,-0.3050406,0.6913247,0.23125553,0,2155,1475565948563,3
1,Linearaccel,0.22617435,1.0498185,-0.9744358,0,2206,1475565948614,3
1,Linearaccel,0.14867234,2.1050658,-2.041555,0,2256,1475565948664,3
1,Linearaccel,0.2025876,2.1429424,-2.275247,0,2306,1475565948714,3
1,Linearaccel,0.9274354,2.434966,-1.8897395,0,2357,1475565948765,3
1,Linearaccel,2.5956135,1.8485804,-0.36600924,0,2407,1475565948815,3
1,Linearaccel,3.9708276,-0.31329823,0.34510565,0,2457,1475565948865,3
1,Linearaccel,4.4243817,-1.460309,1.6508346,0,2508,1475565948916,3
1,Linearaccel,3.5717888,-4.5353866,1.3691819,0,2558,1475565948966,3
1,Linearaccel,0.548501,-5.0317345,1.7791355,0,2608,1475565949016,3
1,Linearaccel,-2.6200438,-5.868956,1.5509338,0,2659,1475565949067,3
1,Linearaccel,-6.7873087,-4.6070013,2.1633465,0,2709,1475565949117,3
1,Linearaccel,-9.530862,-3.7909508,1.3783481,0,2759,1475565949167,3
1,Linearaccel,-9.459667,-3.2499537,0.42747998,0,2810,1475565949218,3
1,Linearaccel,-6.565862,-2.9843335,-0.2636137,0,2860,1475565949268,3
1,Linearaccel,4.702188,-10.552919,-1.7061069,0,2910,1475565949318,3
1,Linearaccel,13.739008,-9.859537,-1.2502489,0,2961,1475565949369,3
1,Linearaccel,10.092488,-1.4134493,-3.2299867,0,3011,1475565949419,3
1,Linearaccel,4.2492623,7.25012,-3.1045039,0,3062,1475565949470,3
1,Linearaccel,1.8162589,10.787088,-3.0693777,0,3112,1475565949520,3
1,Linearaccel,1.2403462,14.653466,-3.0493636,0,3162,1475565949570,3
1,Linearaccel,1.4186547,12.610452,-1.435139,0,3213,1475565949621,3
1,Linearaccel,8.965416,-0.2563982,-0.6784481,0,3263,1475565949671,3
1,Linearaccel,13.462721,-11.524734,1.6515756,0,3313,1475565949721,3
1,Linearaccel,2.041038,-11.466894,0.5529152,0,3364,1475565949772,3
1,Linearaccel,-11.7343,-2.7778826,-2.2769346,0,3414,1475565949822,3
1,Linearaccel,-15.787129,5.4345236,-0.890556,0,3464,1475565949872,3
1,Linearaccel,-14.7523575,4.9243317,-0.048215628,0,3515,1475565949923,3
1,Linearaccel,-10.368054,3.439251,0.41189677,0,3565,1475565949973,3
1,Linearaccel,-4.136205,-6.8433123,0.19768614,0,3615,1475565950023,3
1,Linearaccel,9.990426,-10.319297,-3.4492202,0,3666,1475565950074,3
1,Linearaccel,14.668474,-7.516492,-2.5832057,0,3716,1475565950124,3
1,Linearaccel,8.486892,4.2791557,-3.347504,0,3766,1475565950174,3
1,Linearaccel,4.2886744,9.849627,-2.7061558,0,3817,1475565950225,3
1,Linearaccel,5.2790365,14.075353,-2.5525699,0,3867,1475565950275,3
1,Linearaccel,3.3589134,14.387049,-3.652927,0,3918,1475565950326,3
1,Linearaccel,3.8926992,8.135649,-1.7760249,0,3968,1475565950376,3
1,Linearaccel,14.722437,-9.704694,-4.272582,0,4018,1475565950426,3
1,Linearaccel,8.201361,-10.832143,1.1160924,0,4069,1475565950477,3
1,Linearaccel,-5.693883,-6.1685486,-2.9899173,0,4119,1475565950527,3
1,Linearaccel,-13.939022,3.939908,-2.3085952,0,4169,1475565950577,3
1,Linearaccel,-12.007351,6.5656023,-0.039887905,0,4220,1475565950628,3
1,Linearaccel,-9.965368,5.707509,0.6653949,0,4270,1475565950678,3
1,Linearaccel,-7.1673717,3.1744843,0.8005972,0,4320,1475565950728,3
1,Linearaccel,-3.31935,-8.177173,-0.20523441,0,4371,1475565950779,3
1,Linearaccel,14.477503,-10.502422,-1.2499828,0,4421,1475565950829,3
1,Linearaccel,12.821072,-7.482237,-1.1903639,0,4471,1475565950879,3
1,Linearaccel,7.396634,4.0290565,-2.2052388,0,4522,1475565950930,3
1,Linearaccel,4.531299,8.506805,-1.2234622,0,4572,1475565950980,3
1,Linearaccel,4.142331,12.192692,-2.4870133,0,4622,1475565951030,3
1,Linearaccel,3.438472,13.123894,-2.8177574,0,4673,1475565951081,3
1,Linearaccel,4.042294,8.636681,-0.5865453,0,4723,1475565951131,3
1,Linearaccel,13.49994,-8.473085,-5.5658145,0,4774,1475565951182,3
1,Linearaccel,10.070037,-10.778116,-0.6580627,0,4824,1475565951232,3
1,Linearaccel,-3.9001791,-5.780343,-2.4045463,0,4874,1475565951282,3
1,Linearaccel,-12.545439,4.479535,-0.96625996,0,4925,1475565951333,3
1,Linearaccel,-11.169812,6.79428,0.48152703,0,4975,1475565951383,3
1,Linearaccel,-9.719625,7.04023,0.70613664,0,5025,1475565951433,3
1,Linearaccel,-7.919883,1.507905,1.0050981,0,5076,1475565951484,3
1,Linearaccel,-2.776588,-9.807064,0.37294576,0,5126,1475565951534,3
1,Linearaccel,12.237402,-10.774238,0.06520334,0,5176,1475565951584,3
1,Linearaccel,10.510601,-7.810871,0.59664875,0,5227,1475565951635,3
1,Linearaccel,5.6798506,4.1241655,-1.5575868,0,5277,1475565951685,3
1,Linearaccel,3.7149358,9.9588585,-1.6193997,0,5327,1475565951735,3
1,Linearaccel,5.5870337,13.4219265,-1.4539039,0,5378,1475565951786,3
1,Linearaccel,3.254491,12.781843,-2.270347,0,5428,1475565951836,3
1,Linearaccel,3.4697955,6.7194185,1.387336,0,5479,1475565951887,3
1,Linearaccel,14.877194,-10.754696,-2.8416858,0,5529,1475565951937,3
1,Linearaccel,7.5453477,-11.096468,0.9565056,0,5579,1475565951987,3
1,Linearaccel,-6.1970663,-3.1878204,-1.1652256,0,5630,1475565952038,3
1,Linearaccel,-11.951114,8.050759,0.9378668,0,5680,1475565952088,3
1,Linearaccel,-11.714386,7.786186,0.8753287,0,5730,1475565952138,3
1,Linearaccel,-12.150923,5.9522285,0.8144575,0,5781,1475565952189,3
1,Linearaccel,-9.062179,-2.1235666,-0.37257344,0,5831,1475565952239,3
1,Linearaccel,-0.477736,-11.239406,-2.0183873,0,5881,1475565952289,3
1,Linearaccel,15.416237,-11.038583,-2.4899597,0,5932,1475565952340,3
1,Linearaccel,11.266549,-4.203964,-2.8568993,0,5982,1475565952390,3
1,Linearaccel,5.5468473,8.1393585,-2.8314,0,6032,1475565952440,3
1,Linearaccel,5.0225663,12.252751,-2.450982,0,6083,1475565952491,3
1,Linearaccel,5.4963245,13.852407,-2.534778,0,6133,1475565952541,3
1,Linearaccel,2.7450833,11.381362,-1.6635268,0,6183,1475565952591,3
1,Linearaccel,8.700048,-3.2764769,-2.6520069,0,6234,1475565952642,3
1,Linearaccel,12.807138,-11.640391,-0.14113104,0,6284,1475565952692,3
1,Linearaccel,0.26614475,-10.05453,-2.173365,0,6335,1475565952743,3
1,Linearaccel,-9.200117,1.7129631,-1.1275027,0,6385,1475565952793,3
1,Linearaccel,-11.686319,6.925309,0.39285433,0,6435,1475565952843,3
1,Linearaccel,-12.974665,6.757871,-0.49854815,0,6486,1475565952894,3
1,Linearaccel,-9.562657,3.1807451,-1.037015,0,6536,1475565952944,3
1,Linearaccel,-5.293607,-7.1040697,-2.7645154,0,6586,1475565952994,3
1,Linearaccel,9.33651,-11.520261,-7.6042066,0,6637,1475565953045,3
1,Linearaccel,12.107974,-8.423872,-3.643618,0,6687,1475565953095,3
1,Linearaccel,7.861762,1.3519669,-2.4278092,0,6737,1475565953145,3
1,Linearaccel,3.6247947,7.0216465,-1.2082328,0,6788,1475565953196,3
1,Linearaccel,2.540393,11.593601,0.477803,0,6838,1475565953246,3
1,Linearaccel,2.7061098,12.222669,-0.37416112,0,6888,1475565953296,3
1,Linearaccel,0.538303,7.7453103,-0.7509551,0,6939,1475565953347,3
1,Linearaccel,12.434666,-9.551647,-4.0854144,0,6989,1475565953397,3
1,Linearaccel,10.655704,-11.952504,-2.3075786,0,7039,1475565953447,3
1,Linearaccel,-4.098927,-5.361979,-3.348638,0,7090,1475565953498,3
1,Linearaccel,-13.189312,7.2357874,-1.7780044,0,7140,1475565953548,3
1,Linearaccel,-12.351921,8.281634,-1.0434101,0,7191,1475565953599,3
1,Linearaccel,-11.0332775,5.275406,-1.269198,0,7241,1475565953649,3
1,Linearaccel,-7.677475,-2.514894,-1.8946126,0,7291,1475565953699,3
1,Linearaccel,1.0778892,-12.003766,-5.438592,0,7342,1475565953750,3
1,Linearaccel,14.985342,-11.718802,-5.80708,0,7392,1475565953800,3
1,Linearaccel,10.628085,-4.3806686,-4.1191654,0,7442,1475565953850,3
1,Linearaccel,5.2240634,5.7313986,-1.7779609,0,7493,1475565953901,3
1,Linearaccel,2.6417205,10.218531,-1.2305536,0,7543,1475565953951,3
1,Linearaccel,3.0601897,13.137952,-0.8556334,0,7593,1475565954001,3
1,Linearaccel,0.7436578,11.229297,-1.107652,0,7644,1475565954052,3
1,Linearaccel,4.8805246,-1.3818374,-2.6304097,0,7694,1475565954102,3
1,Linearaccel,15.245647,-12.385178,-1.7791061,0,7744,1475565954152,3
1,Linearaccel,2.8143814,-11.405685,-4.1141133,0,7795,1475565954203,3
1,Linearaccel,-7.7475505,0.90568733,-3.2879999,0,7845,1475565954253,3
1,Linearaccel,-11.721526,8.15426,-1.43632,0,7896,1475565954304,3
1,Linearaccel,-11.00555,6.782879,0.17837143,0,7946,1475565954354,3
1,Linearaccel,-9.405814,6.067742,-0.021567225,0,7996,1475565954404,3
1,Linearaccel,-6.72058,-5.7168303,-1.9083866,0,8047,1475565954455,3
1,Linearaccel,7.226348,-12.239235,-7.6182528,0,8097,1475565954505,3
1,Linearaccel,11.152628,-10.212051,-3.6908262,0,8147,1475565954555,3
1,Linearaccel,7.293095,-0.3713808,-2.619956,0,8198,1475565954606,3
1,Linearaccel,3.1967635,6.938369,-0.9054973,0,8248,1475565954656,3
1,Linearaccel,3.0422542,12.2281475,-1.2082971,0,8298,1475565954706,3
1,Linearaccel,1.2044896,12.658269,-2.0980976,0,8349,1475565954757,3
1,Linearaccel,2.7523997,5.800798,-1.5574422,0,8399,1475565954807,3
1,Linearaccel,15.447218,-11.580946,-4.880229,0,8449,1475565954857,3
1,Linearaccel,7.5042086,-12.11837,-2.8946137,0,8500,1475565954908,3
1,Linearaccel,-5.525959,-3.4116597,-3.4094405,0,8550,1475565954958,3
1,Linearaccel,-11.14333,4.83768,-1.011,0,8600,1475565955008,3
1,Linearaccel,-9.373067,5.776628,-0.5743066,0,8651,1475565955059,3
1,Linearaccel,-7.980607,4.351603,0.21607602,0,8701,1475565955109,3
1,Linearaccel,-6.9056096,0.19394398,0.21614099,0,8752,1475565955160,3
1,Linearaccel,1.2412429,-11.838284,-3.941214,0,8802,1475565955210,3
1,Linearaccel,13.757362,-11.877063,-2.8416452,0,8852,1475565955260,3
1,Linearaccel,8.892264,-7.1002717,-3.2217023,0,8903,1475565955311,3
1,Linearaccel,5.405678,3.7814474,-2.5024478,0,8953,1475565955361,3
1,Linearaccel,2.7257717,8.311919,-2.0219297,0,9003,1475565955411,3
1,Linearaccel,3.6613863,10.655363,-2.0635982,0,9054,1475565955462,3
1,Linearaccel,3.7173073,10.182056,-2.44584,0,9104,1475565955512,3
1,Linearaccel,7.8018947,1.4433842,-2.8002877,0,9154,1475565955562,3
1,Linearaccel,15.849468,-12.130257,-4.988064,0,9205,1475565955613,3
1,Linearaccel,8.370477,-12.32422,-2.6588392,0,9255,1475565955663,3
1,Linearaccel,-1.8400857,-5.651844,-3.3411813,0,9305,1475565955713,3
1,Linearaccel,-10.764055,2.298636,-2.9353218,0,9356,1475565955764,3
1,Linearaccel,-12.154077,5.385802,-1.0291957,0,9406,1475565955814,3
1,Linearaccel,-11.371822,4.3003316,0.7331369,0,9456,1475565955864,3
1,Linearaccel,-8.478802,-4.2370625,-0.03872776,0,9507,1475565955915,3
1,Linearaccel,3.8100948,-12.173733,-0.9148399,0,9557,1475565955965,3
1,Linearaccel,12.546364,-11.740242,-2.5086243,0,9608,1475565956016,3
1,Linearaccel,12.141216,-7.0682,-3.2136843,0,9658,1475565956066,3
1,Linearaccel,7.2825174,3.0241928,-2.5109158,0,9708,1475565956116,3
1,Linearaccel,2.6769683,7.360663,-1.1515311,0,9759,1475565956167,3
1,Linearaccel,1.2637641,11.113674,-0.18525177,0,9809,1475565956217,3
1,Linearaccel,1.1880786,10.391567,0.003239125,0,9859,1475565956267,3
1,Linearaccel,2.0301065,4.1524878,0.29919314,0,9910,1475565956318,3
1,Linearaccel,14.244868,-11.185328,-0.5143651,0,9960,1475565956368,3
1,Linearaccel,8.276075,-12.282379,-0.3098557,0,10010,1475565956418,3
1,Linearaccel,-1.5445704,-9.447977,-1.382863,0,10061,1475565956469,3
1,Linearaccel,-8.519765,-1.8881283,-0.61497426,0,10111,1475565956519,3
1,Linearaccel,-12.161566,5.0293226,-1.5467273,0,10161,1475565956569,3
1,Linearaccel,-11.810561,5.398754,-1.318119,0,10212,1475565956620,3
1,Linearaccel,-7.8647103,-1.2817779,-2.5865002,0,10262,1475565956670,3
1,Linearaccel,2.3716958,-11.542442,-4.088507,0,10313,1475565956721,3
1,Linearaccel,14.364367,-11.948622,-4.2860713,0,10363,1475565956771,3
1,Linearaccel,12.337606,-6.5163326,-4.543331,0,10413,1475565956821,3
1,Linearaccel,6.64115,4.8214736,-3.127873,0,10464,1475565956872,3
1,Linearaccel,2.0418751,9.150349,-2.2027366,0,10514,1475565956922,3
1,Linearaccel,0.8561042,12.404659,-2.5205898,0,10564,1475565956972,3
1,Linearaccel,0.75770646,10.941594,-1.9556787,0,10615,1475565957023,3
1,Linearaccel,4.0857983,1.6891131,-1.81681,0,10665,1475565957073,3
1,Linearaccel,12.64031,-11.672597,-1.6983676,0,10715,1475565957123,3
1,Linearaccel,7.0386,-12.127335,-3.0792994,0,10766,1475565957174,3
1,Linearaccel,-1.345989,-7.032013,-1.5808026,0,10816,1475565957224,3
1,Linearaccel,-6.8526764,0.06310654,-1.5634825,0,10866,1475565957274,3
1,Linearaccel,-10.630533,5.330772,-2.506676,0,10917,1475565957325,3
1,Linearaccel,-10.29372,5.9340563,-1.8100781,0,10967,1475565957375,3
1,Linearaccel,-7.0938168,-0.20761347,-2.4035354,0,11017,1475565957425,3
1,Linearaccel,-1.3362567,-10.999212,-3.610167,0,11068,1475565957476,3
1,Linearaccel,13.765402,-12.184422,-4.932412,0,11118,1475565957526,3
1,Linearaccel,8.499851,-7.127168,-3.4738846,0,11169,1475565957577,3
1,Linearaccel,4.104988,2.086166,-3.5054817,0,11219,1475565957627,3
1,Linearaccel,1.3123064,7.022521,-3.5340066,0,11269,1475565957677,3
1,Linearaccel,1.7078384,9.582914,-2.8603423,0,11320,1475565957728,3
1,Linearaccel,1.8189263,8.556169,-2.3307004,0,11370,1475565957778,3
1,Linearaccel,5.0077114,-1.284524,-0.8906102,0,11420,1475565957828,3
1,Linearaccel,9.024344,-12.401914,-0.95604205,0,11471,1475565957879,3
1,Linearaccel,2.9228554,-11.558384,-0.2755406,0,11521,1475565957929,3
1,Linearaccel,-3.4940948,-4.073663,-2.800991,0,11571,1475565957979,3
1,Linearaccel,-8.7669325,3.0835323,-2.1731257,0,11622,1475565958030,3
1,Linearaccel,-8.961756,7.0336742,-1.2448324,0,11672,1475565958080,3
1,Linearaccel,-6.903574,3.9564157,-1.9898525,0,11722,1475565958130,3
1,Linearaccel,-5.519108,-2.3752441,-1.0123305,0,11773,1475565958181,3
1,Linearaccel,2.8202496,-11.834729,-4.840668,0,11823,1475565958231,3
1,Linearaccel,13.761075,-11.014116,-3.4631672,0,11873,1475565958281,3
1,Linearaccel,8.21636,-4.2696657,-2.7222767,0,11924,1475565958332,3
1,Linearaccel,4.7263746,3.083581,-2.149187,0,11974,1475565958382,3
1,Linearaccel,2.2970288,7.6437583,-1.5512455,0,12025,1475565958433,3
1,Linearaccel,1.8194156,9.831925,-1.7975312,0,12075,1475565958483,3
1,Linearaccel,1.6416867,9.407074,-1.7339171,0,12125,1475565958533,3
1,Linearaccel,8.15242,-3.1396642,-2.3432913,0,12176,1475565958584,3
1,Linearaccel,12.347493,-11.978909,-2.5763698,0,12226,1475565958634,3
1,Linearaccel,4.0260496,-10.687435,-1.7677847,0,12276,1475565958684,3
1,Linearaccel,-4.6514482,-1.909802,-2.5876362,0,12327,1475565958735,3
1,Linearaccel,-9.805405,4.011472,-0.6234671,0,12377,1475565958785,3
1,Linearaccel,-8.075654,6.6586046,0.39928028,0,12427,1475565958835,3
1,Linearaccel,-6.408001,5.011734,1.0850679,0,12478,1475565958886,3
1,Linearaccel,-3.5190063,-3.5455866,1.0576003,0,12528,1475565958936,3
1,Linearaccel,6.1419706,-11.65645,-1.1557076,0,12578,1475565958986,3
1,Linearaccel,12.127674,-11.415315,-1.2505879,0,12629,1475565959037,3
1,Linearaccel,9.405084,-6.1315556,-1.700356,0,12679,1475565959087,3
1,Linearaccel,5.0391474,2.6720238,-1.7333741,0,12729,1475565959137,3
1,Linearaccel,3.43437,8.007974,-0.38124117,0,12780,1475565959188,3
1,Linearaccel,2.1636875,10.342932,-0.89627194,0,12830,1475565959238,3
1,Linearaccel,1.8513844,10.431616,-1.2729623,0,12881,1475565959289,3
1,Linearaccel,4.336539,3.7549653,0.22531477,0,12931,1475565959339,3
1,Linearaccel,14.133801,-10.941348,-2.126524,0,12981,1475565959389,3
1,Linearaccel,7.273115,-11.723631,-0.5053051,0,13032,1475565959440,3
1,Linearaccel,-4.851635,-5.419837,-2.117032,0,13082,1475565959490,3
1,Linearaccel,-12.487478,2.5871105,-0.9437846,0,13132,1475565959540,3
1,Linearaccel,-11.391418,4.977099,-1.7276062,0,13183,1475565959591,3
1,Linearaccel,-9.796932,1.5607424,-1.058476,0,13233,1475565959641,3
1,Linearaccel,-5.626894,-3.4825268,0.8522958,0,13283,1475565959691,3
1,Linearaccel,1.324969,-11.459365,-1.4228747,0,13334,1475565959742,3
1,Linearaccel,15.123009,-11.193654,-2.916862,0,13384,1475565959792,3
1,Linearaccel,9.753003,-3.4599485,-3.1169634,0,13434,1475565959842,3
1,Linearaccel,5.4997225,5.456829,-2.2576227,0,13485,1475565959893,3
1,Linearaccel,4.6578407,8.891422,-1.450322,0,13535,1475565959943,3
1,Linearaccel,5.749548,11.969999,-1.1652101,0,13586,1475565959994,3
1,Linearaccel,3.5347157,10.342871,-1.12474,0,13636,1475565960044,3
1,Linearaccel,8.010467,-0.7351351,-0.5431108,0,13686,1475565960094,3
1,Linearaccel,14.902773,-11.782254,-1.814812,0,13737,1475565960145,3
1,Linearaccel,4.1794643,-11.24028,-1.59054,0,13787,1475565960195,3
1,Linearaccel,-6.011859,-1.788764,-1.4849634,0,13837,1475565960245,3
1,Linearaccel,-10.9227295,4.990527,-0.71780026,0,13888,1475565960296,3
1,Linearaccel,-11.0154915,6.3482313,-1.3365371,0,13938,1475565960346,3
1,Linearaccel,-9.363562,3.5380301,-0.9722533,0,13988,1475565960396,3
1,Linearaccel,-5.935001,-4.408385,-1.2452723,0,14039,1475565960447,3
1,Linearaccel,0.3312837,-11.609252,-5.7270794,0,14089,1475565960497,3
1,Linearaccel,16.124777,-11.201495,-5.333945,0,14139,1475565960547,3
1,Linearaccel,9.616484,-2.8005457,-3.3321233,0,14190,1475565960598,3
1,Linearaccel,5.203351,5.941177,-2.097597,0,14240,1475565960648,3
1,Linearaccel,3.4269981,10.060425,-1.6314198,0,14290,1475565960698,3
1,Linearaccel,4.798592,11.126791,-1.358807,0,14341,1475565960749,3
1,Linearaccel,4.1182566,9.445646,-1.5148001,0,14391,1475565960799,3
1,Linearaccel,11.525513,-4.026601,-2.309683,0,14442,1475565960850,3
1,Linearaccel,12.648819,-12.221815,-0.4596331,0,14492,1475565960900,3
1,Linearaccel,2.3641026,-12.207449,-3.8364153,0,14542,1475565960950,3
1,Linearaccel,-7.6118817,-4.901763,-3.385471,0,14593,1475565961001,3
1,Linearaccel,-12.652409,2.9572072,-2.0309691,0,14643,1475565961051,3
1,Linearaccel,-12.772138,5.549672,-2.5107346,0,14693,1475565961101,3
1,Linearaccel,-10.380293,2.2345142,-2.4766035,0,14744,1475565961152,3
1,Linearaccel,-5.950821,-3.2258701,-1.8182299,0,14794,1475565961202,3
1,Linearaccel,3.6403117,-11.888491,-5.7019224,0,14844,1475565961252,3
1,Linearaccel,15.28586,-11.2896595,-5.353367,0,14895,1475565961303,3
1,Linearaccel,10.428325,-3.144621,-3.9308157,0,14945,1475565961353,3
1,Linearaccel,5.6368537,5.2084002,-2.917897,0,14995,1475565961403,3
1,Linearaccel,2.9732237,10.864811,-1.6079398,0,15046,1475565961454,3
1,Linearaccel,3.4625735,11.408961,-1.8993903,0,15096,1475565961504,3
1,Linearaccel,2.4802957,9.87219,-1.2412238,0,15146,1475565961554,3
1,Linearaccel,7.9004154,-1.631475,-2.1262276,0,15197,1475565961605,3
1,Linearaccel,14.064512,-12.372648,-1.3303436,0,15247,1475565961655,3
1,Linearaccel,3.2659168,-12.337655,-3.7699976,0,15298,1475565961706,3
1,Linearaccel,-7.329539,-5.7145076,-3.13167,0,15348,1475565961756,3
1,Linearaccel,-11.33369,2.0283394,-2.0506716,0,15398,1475565961806,3
1,Linearaccel,-10.530334,5.367625,-1.8540498,0,15449,1475565961857,3
1,Linearaccel,-9.768311,5.297892,-1.0910141,0,15499,1475565961907,3
1,Linearaccel,-6.8126,0.56373644,-2.2999,0,15549,1475565961957,3
1,Linearaccel,-2.3794718,-11.03818,-5.3570366,0,15600,1475565962008,3
1,Linearaccel,13.955736,-11.999325,-6.273469,0,15650,1475565962058,3
1,Linearaccel,9.48158,-7.286513,-3.9619725,0,15700,1475565962108,3
1,Linearaccel,5.92336,2.5090227,-3.8231645,0,15751,1475565962159,3
1,Linearaccel,3.5743651,7.581216,-2.8985803,0,15801,1475565962209,3
1,Linearaccel,3.2661502,11.573169,-2.503289,0,15851,1475565962259,3
1,Linearaccel,2.8925705,10.614208,-2.2407742,0,15902,1475565962310,3
1,Linearaccel,4.658228,4.6004763,-1.2576687,0,15952,1475565962360,3
1,Linearaccel,11.9580555,-11.556236,-2.6093638,0,16003,1475565962411,3
1,Linearaccel,5.070321,-12.397779,-1.8244812,0,16053,1475565962461,3
1,Linearaccel,-3.3800948,-9.548197,-3.4811313,0,16103,1475565962511,3
1,Linearaccel,-8.059574,-0.35610723,-2.3504014,0,16154,1475565962562,3
1,Linearaccel,-10.276411,5.197877,-1.5979798,0,16204,1475565962612,3
1,Linearaccel,-11.113974,6.9260707,-2.099555,0,16254,1475565962662,3
1,Linearaccel,-8.945677,3.9465299,-2.3350854,0,16305,1475565962713,3
1,Linearaccel,-6.6005363,-6.064033,-3.4909313,0,16355,1475565962763,3
1,Linearaccel,3.1186068,-12.218415,-7.5158353,0,16405,1475565962813,3
1,Linearaccel,13.026653,-11.696063,-5.295948,0,16456,1475565962864,3
1,Linearaccel,8.835446,-2.5927067,-3.8228164,0,16506,1475565962914,3
1,Linearaccel,5.66722,5.0461674,-2.9547784,0,16556,1475565962964,3
1,Linearaccel,4.153887,9.713839,-2.6578789,0,16607,1475565963015,3
1,Linearaccel,4.966591,12.07246,-2.739565,0,16657,1475565963065,3
1,Linearaccel,3.6092787,10.587357,-2.3720214,0,16707,1475565963115,3
1,Linearaccel,7.351532,0.99855137,-2.1591067,0,16758,1475565963166,3
1,Linearaccel,11.908772,-12.69721,-2.8690836,0,16808,1475565963216,3
1,Linearaccel,2.8262975,-12.68002,-4.0045815,0,16859,1475565963267,3
1,Linearaccel,-6.5111613,-6.144176,-3.1164932,0,16909,1475565963317,3
1,Linearaccel,-11.871204,2.4828591,-2.4034224,0,16959,1475565963367,3
1,Linearaccel,-12.572653,5.540473,-1.9322815,0,17010,1475565963418,3
1,Linearaccel,-9.995266,4.7521334,-2.0422125,0,17060,1475565963468,3
1,Linearaccel,-7.1365805,-1.7920141,-3.0614421,0,17110,1475565963518,3
1,Linearaccel,-2.9703488,-11.663584,-4.879999,0,17161,1475565963569,3
1,Linearaccel,11.946529,-12.438242,-7.8367543,0,17211,1475565963619,3
1,Linearaccel,12.206891,-9.471854,-3.7182481,0,17261,1475565963669,3
1,Linearaccel,6.8814545,1.415093,-4.120184,0,17312,1475565963720,3
1,Linearaccel,3.3666592,6.5107207,-2.9547186,0,17362,1475565963770,3
1,Linearaccel,3.4700184,10.410326,-3.0674312,0,17412,1475565963820,3
1,Linearaccel,3.0804293,11.579088,-2.573133,0,17463,1475565963871,3
1,Linearaccel,3.1831307,8.374924,-1.9201276,0,17513,1475565963921,3
1,Linearaccel,9.9984665,-2.6668763,-3.3908002,0,17563,1475565963971,3
1,Linearaccel,15.1518135,-13.5057,-2.7764003,0,17614,1475565964022,3
1,Linearaccel,4.839166,-13.67882,-5.364097,0,17664,1475565964072,3
1,Linearaccel,-6.144497,-7.4211917,-4.6108055,0,17715,1475565964123,3
1,Linearaccel,-11.105542,-0.6403012,-3.8977306,0,17765,1475565964173,3
1,Linearaccel,-12.762412,1.2405825,-3.6066759,0,17815,1475565964223,3
1,Linearaccel,-10.427418,1.2283015,-2.890046,0,17866,1475565964274,3
1,Linearaccel,-6.7932196,-1.0494533,-1.3505346,0,17916,1475565964324,3
1,Linearaccel,-2.1437464,-10.434202,-3.6646821,0,17966,1475565964374,3
1,Linearaccel,13.550245,-12.413033,-5.9180427,0,18017,1475565964425,3
1,Linearaccel,11.867352,-9.438595,-3.1414502,0,18067,1475565964475,3
1,Linearaccel,6.936499,2.875239,-4.2971506,0,18117,1475565964525,3
1,Linearaccel,3.8218646,7.449841,-2.1174183,0,18168,1475565964576,3
1,Linearaccel,3.7136776,10.428894,-3.1222446,0,18218,1475565964626,3
1,Linearaccel,3.0134373,11.410412,-2.9524777,0,18268,1475565964676,3
1,Linearaccel,4.1565485,6.819231,-2.4806566,0,18319,1475565964727,3
1,Linearaccel,13.312643,-8.61335,-4.857861,0,18369,1475565964777,3
1,Linearaccel,12.977457,-13.073924,-2.7252152,0,18419,1475565964827,3
1,Linearaccel,-0.46249127,-11.366383,-5.79644,0,18470,1475565964878,3
1,Linearaccel,-11.256626,-1.9213848,-4.2387943,0,18520,1475565964928,3
1,Linearaccel,-13.051795,2.2828422,-1.7835944,0,18571,1475565964979,3
1,Linearaccel,-11.28946,3.6829057,-1.7294403,0,18621,1475565965029,3
1,Linearaccel,-7.224296,0.34951591,0.2654599,0,18671,1475565965079,3
1,Linearaccel,-3.0203,-6.729556,-0.4032811,0,18722,1475565965130,3
1,Linearaccel,5.3131022,-12.096114,-2.722428,0,18772,1475565965180,3
1,Linearaccel,12.45218,-11.99052,-3.4262958,0,18822,1475565965230,3
1,Linearaccel,9.791199,-6.4351773,-5.125187,0,18873,1475565965281,3
1,Linearaccel,5.927094,3.0642338,-4.253474,0,18923,1475565965331,3
1,Linearaccel,4.84664,9.168917,-4.159957,0,18973,1475565965381,3
1,Linearaccel,4.4787245,12.870447,-3.6301813,0,19024,1475565965432,3
1,Linearaccel,4.9623613,9.612976,-3.4194095,0,19074,1475565965482,3
1,Linearaccel,10.151531,-1.636229,-3.399112,0,19124,1475565965532,3
1,Linearaccel,14.224897,-12.681881,-2.2988753,0,19175,1475565965583,3
1,Linearaccel,7.3662868,-12.706434,-3.4129233,0,19225,1475565965633,3
1,Linearaccel,-2.7803562,-8.935625,-3.337461,0,19276,1475565965684,3
1,Linearaccel,-8.901155,-2.0461445,-2.1851103,0,19326,1475565965734,3
1,Linearaccel,-11.888588,2.3005328,-1.541238,0,19376,1475565965784,3
1,Linearaccel,-11.937406,4.0108,-1.0272007,0,19427,1475565965835,3
1,Linearaccel,-8.129931,0.9424901,-0.93305624,0,19477,1475565965885,3
1,Linearaccel,-2.8717303,-8.744557,-3.1704166,0,19527,1475565965935,3
1,Linearaccel,11.661029,-12.163704,-6.271735,0,19578,1475565965986,3
1,Linearaccel,14.719676,-11.5084,-6.0260386,0,19628,1475565966036,3
1,Linearaccel,9.9167795,-0.24968195,-4.8857255,0,19678,1475565966086,3
1,Linearaccel,5.533158,7.026784,-3.4502168,0,19729,1475565966137,3
1,Linearaccel,4.0519414,10.492316,-3.2186632,0,19779,1475565966187,3
1,Linearaccel,3.9813387,10.951758,-2.614102,0,19829,1475565966237,3
1,Linearaccel,2.360324,8.093337,-2.0663009,0,19880,1475565966288,3
1,Linearaccel,8.597556,-3.4834838,-3.3447342,0,19930,1475565966338,3
1,Linearaccel,14.671057,-12.8855,-1.6859231,0,19980,1475565966388,3
1,Linearaccel,6.6850605,-12.8708725,-2.2323833,0,20031,1475565966439,3
1,Linearaccel,-2.9916353,-7.0819855,-2.363691,0,20081,1475565966489,3
1,Linearaccel,-8.299217,0.06850815,-2.5522168,0,20132,1475565966540,3
1,Linearaccel,-9.965818,3.8788261,-2.2873716,0,20182,1475565966590,3
1,Linearaccel,-11.336397,2.9479885,-1.8427346,0,20232,1475565966640,3
1,Linearaccel,-8.559864,0.1259265,-2.103372,0,20283,1475565966691,3
1,Linearaccel,-4.1112976,-9.142281,-5.3006144,0,20333,1475565966741,3
1,Linearaccel,12.193382,-12.409918,-9.183019,0,20383,1475565966791,3
1,Linearaccel,14.026182,-10.510834,-5.756998,0,20434,1475565966842,3
1,Linearaccel,8.336977,0.049354553,-4.6143928,0,20484,1475565966892,3
1,Linearaccel,4.365237,6.5779204,-3.7812636,0,20534,1475565966942,3
1,Linearaccel,3.3453207,10.008634,-2.9215975,0,20585,1475565966993,3
1,Linearaccel,3.2737093,10.523815,-3.2856867,0,20635,1475565967043,3
1,Linearaccel,3.160201,8.046095,-1.9605033,0,20685,1475565967093,3
1,Linearaccel,10.6599045,-4.2954464,-3.1590965,0,20736,1475565967144,3
1,Linearaccel,12.360169,-13.028909,-1.796169,0,20786,1475565967194,3
1,Linearaccel,4.5477953,-12.803228,-2.196105,0,20836,1475565967244,3
1,Linearaccel,-4.9836226,-6.414697,-4.5229025,0,20887,1475565967295,3
1,Linearaccel,-9.543673,0.7441745,-3.4103847,0,20937,1475565967345,3
1,Linearaccel,-12.90071,3.7402458,-3.0497055,0,20988,1475565967396,3
1,Linearaccel,-11.338181,2.8459868,-3.299723,0,21038,1475565967446,3
1,Linearaccel,-7.1043787,-2.7862668,-3.0773413,0,21088,1475565967496,3
1,Linearaccel,-2.0403872,-11.892578,-3.3036168,0,21139,1475565967547,3
1,Linearaccel,14.699728,-12.274839,-7.7543373,0,21189,1475565967597,3
1,Linearaccel,11.659179,-5.690371,-4.8150725,0,21239,1475565967647,3
1,Linearaccel,7.588163,3.367128,-4.5612035,0,21290,1475565967698,3
1,Linearaccel,4.6539726,9.097313,-3.8944547,0,21340,1475565967748,3
1,Linearaccel,4.0878787,11.6004,-3.1162426,0,21390,1475565967798,3
1,Linearaccel,2.9706664,10.504248,-3.231749,0,21441,1475565967849,3
1,Linearaccel,5.1663814,5.3931007,-2.832172,0,21491,1475565967899,3
1,Linearaccel,15.485093,-11.964079,-6.168515,0,21541,1475565967949,3
1,Linearaccel,12.179006,-13.42631,-2.8347218,0,21592,1475565968000,3
1,Linearaccel,-1.8398442,-10.8795185,-4.542705,0,21642,1475565968050,3
1,Linearaccel,-11.83909,-1.9827409,-3.3314548,0,21693,1475565968101,3
1,Linearaccel,-12.149541,0.680429,-1.9855242,0,21743,1475565968151,3
1,Linearaccel,-10.99096,-2.4208117,-0.7834506,0,21793,1475565968201,3
1,Linearaccel,-7.107744,-2.604096,-0.6962551,0,21844,1475565968252,3
1,Linearaccel,0.195822,-10.926056,-1.543208,0,21894,1475565968302,3
1,Linearaccel,15.847228,-12.112742,-5.1658154,0,21944,1475565968352,3
1,Linearaccel,13.669521,-7.0618167,-2.8232164,0,21995,1475565968403,3
1,Linearaccel,8.362967,1.1016979,-3.9274075,0,22045,1475565968453,3
1,Linearaccel,5.755225,5.630139,-3.0570383,0,22095,1475565968503,3
1,Linearaccel,5.7130227,11.035458,-3.24371,0,22146,1475565968554,3
1,Linearaccel,4.3919353,11.345842,-3.177287,0,22196,1475565968604,3
1,Linearaccel,6.448822,7.526213,-3.1206343,0,22246,1475565968654,3
1,Linearaccel,16.1568,-8.950678,-6.9822664,0,22297,1475565968705,3
1,Linearaccel,13.843936,-12.619205,-3.672487,0,22347,1475565968755,3
1,Linearaccel,1.566364,-11.30512,-5.3998733,0,22397,1475565968805,3
1,Linearaccel,-9.255716,-3.9180627,-4.953526,0,22448,1475565968856,3
1,Linearaccel,-13.278447,0.86759424,-2.0287685,0,22498,1475565968906,3
1,Linearaccel,-13.734697,2.7786808,0.8908014,0,22549,1475565968957,3
1,Linearaccel,-8.9213705,0.79558516,0.7792495,0,22599,1475565969007,3
1,Linearaccel,-2.847932,-8.558745,1.0766106,0,22649,1475565969057,3
1,Linearaccel,11.054626,-11.998411,-3.319088,0,22700,1475565969108,3
1,Linearaccel,17.158377,-11.943187,-1.0901899,0,22750,1475565969158,3
1,Linearaccel,12.006654,-4.009534,-3.5280976,0,22800,1475565969208,3
1,Linearaccel,6.9927626,4.97458,-2.610561,0,22851,1475565969259,3
1,Linearaccel,6.267241,9.762125,-3.1006122,0,22901,1475565969309,3
1,Linearaccel,7.9070234,13.418999,-2.5715652,0,22951,1475565969359,3
1,Linearaccel,6.497387,10.118735,-2.590507,0,23002,1475565969410,3
1,Linearaccel,9.766731,2.6271372,-2.0066252,0,23052,1475565969460,3
1,Linearaccel,17.568165,-12.577242,-2.204186,0,23102,1475565969510,3
1,Linearaccel,9.064407,-12.661675,-1.6946428,0,23153,1475565969561,3
1,Linearaccel,-4.9661846,-7.8434114,-3.1970253,0,23203,1475565969611,3
1,Linearaccel,-12.776705,-0.21377373,-1.4277902,0,23253,1475565969661,3
1,Linearaccel,-14.340971,1.6349702,-0.49928606,0,23304,1475565969712,3
1,Linearaccel,-11.120749,-3.5757766,-0.2403194,0,23354,1475565969762,3
1,Linearaccel,-4.7250752,-6.2480283,-1.7873367,0,23405,1475565969813,3
1,Linearaccel,6.2924285,-12.069384,-4.888093,0,23455,1475565969863,3
1,Linearaccel,17.794231,-11.85965,-5.440419,0,23505,1475565969913,3
1,Linearaccel,13.689465,-3.0287375,-4.9268913,0,23556,1475565969964,3
1,Linearaccel,8.655659,6.63127,-3.9579208,0,23606,1475565970014,3
1,Linearaccel,6.453865,9.331938,-3.2413185,0,23656,1475565970064,3
1,Linearaccel,6.7431946,11.2317505,-3.1941855,0,23707,1475565970115,3
1,Linearaccel,4.730724,8.471283,-2.4826438,0,23757,1475565970165,3
1,Linearaccel,8.551845,-0.692605,-2.7669084,0,23807,1475565970215,3
1,Linearaccel,15.9697485,-12.731531,-1.4279895,0,23858,1475565970266,3
1,Linearaccel,7.99856,-12.678191,-2.0316463,0,23908,1475565970316,3
1,Linearaccel,-3.7657313,-6.69145,-1.931596,0,23958,1475565970366,3
1,Linearaccel,-9.454081,0.83918715,-1.4178226,0,24009,1475565970417,3
1,Linearaccel,-11.039247,3.5680947,-1.5543902,0,24059,1475565970467,3
1,Linearaccel,-12.132589,1.0537586,-1.0953649,0,24110,1475565970518,3
1,Linearaccel,-7.748336,-1.7771206,-1.623721,0,24160,1475565970568,3
1,Linearaccel,-1.6484262,-11.807537,-5.689256,0,24210,1475565970618,3
1,Linearaccel,16.060694,-12.238853,-7.3741345,0,24261,1475565970669,3
1,Linearaccel,13.540786,-8.6237545,-5.4049425,0,24311,1475565970719,3
1,Linearaccel,8.38897,4.0990405,-3.4916904,0,24361,1475565970769,3
1,Linearaccel,5.3679786,9.271011,-2.4364307,0,24412,1475565970820,3
1,Linearaccel,6.979058,13.565384,-2.5762923,0,24462,1475565970870,3
1,Linearaccel,5.2681494,11.73007,-3.3421707,0,24512,1475565970920,3
1,Linearaccel,6.499417,3.8557749,-2.4212666,0,24563,1475565970971,3
1,Linearaccel,16.443562,-13.062086,-3.8560774,0,24613,1475565971021,3
1,Linearaccel,10.131129,-13.047916,-1.8693436,0,24663,1475565971071,3
1,Linearaccel,-3.7112038,-7.8035746,-2.9927292,0,24714,1475565971122,3
1,Linearaccel,-11.138412,2.4902692,-1.3389821,0,24764,1475565971172,3
1,Linearaccel,-12.756222,3.8120499,-0.8105931,0,24814,1475565971222,3
1,Linearaccel,-14.20302,1.0110049,-1.487523,0,24865,1475565971273,3
1,Linearaccel,-8.924952,-1.8597236,-1.6568924,0,24915,1475565971323,3
1,Linearaccel,-1.6133611,-12.258352,-6.942168,0,24966,1475565971374,3
1,Linearaccel,16.649769,-12.514513,-7.5765934,0,25016,1475565971424,3
1,Linearaccel,11.657233,-6.7334914,-5.4597015,0,25066,1475565971474,3
1,Linearaccel,6.5507064,3.677373,-4.3830824,0,25117,1475565971525,3
1,Linearaccel,5.560619,8.941063,-3.6214437,0,25167,1475565971575,3
1,Linearaccel,7.0466175,12.430792,-3.1365309,0,25217,1475565971625,3
1,Linearaccel,4.8624115,10.829357,-2.9179263,0,25268,1475565971676,3
1,Linearaccel,6.2545805,3.693912,-2.4452224,0,25318,1475565971726,3
1,Linearaccel,16.23619,-13.19569,-3.7985766,0,25368,1475565971776,3
1,Linearaccel,9.09686,-13.392881,-2.5925384,0,25419,1475565971827,3
1,Linearaccel,-3.0283554,-8.706924,-3.1509,0,25469,1475565971877,3
1,Linearaccel,-9.916204,1.2137761,-2.1195633,0,25519,1475565971927,3
1,Linearaccel,-12.994729,3.8669147,-1.4670126,0,25570,1475565971978,3
1,Linearaccel,-13.738474,2.8323722,-2.09557,0,25620,1475565972028,3
1,Linearaccel,-8.692759,-2.049006,-0.9578824,0,25670,1475565972078,3
1,Linearaccel,-3.5769808,-12.142269,-5.839353,0,25721,1475565972129,3
1,Linearaccel,12.326803,-12.6587715,-8.972419,0,25771,1475565972179,3
1,Linearaccel,12.810095,-9.882977,-7.116262,0,25822,1475565972230,3
1,Linearaccel,8.46186,3.4746275,-5.436847,0,25872,1475565972280,3
1,Linearaccel,5.669858,8.951757,-4.2828574,0,25922,1475565972330,3
1,Linearaccel,7.2719398,12.505517,-3.6297565,0,25973,1475565972381,3
1,Linearaccel,5.5076575,10.9812,-3.1035974,0,26023,1475565972431,3
1,Linearaccel,5.768811,5.5021853,-2.7367568,0,26073,1475565972481,3
1,Linearaccel,14.867802,-11.996014,-4.6993217,0,26124,1475565972532,3
1,Linearaccel,10.0584345,-13.676657,-3.2740195,0,26174,1475565972582,3
1,Linearaccel,-1.3823347,-11.014075,-3.5118785,0,26224,1475565972632,3
1,Linearaccel,-9.413395,-1.0673199,-2.753901,0,26275,1475565972683,3
1,Linearaccel,-10.529484,2.6930199,-1.9149804,0,26325,1475565972733,3
1,Linearaccel,-11.330856,1.5648189,-1.4919131,0,26375,1475565972783,3
1,Linearaccel,-8.559321,-2.5026674,-1.7358973,0,26426,1475565972834,3
1,Linearaccel,-4.76099,-8.881667,-2.9548283,0,26476,1475565972884,3
1,Linearaccel,6.4093037,-12.930941,-8.3307,0,26526,1475565972934,3
1,Linearaccel,14.507889,-11.997646,-5.3495927,0,26577,1475565972985,3
1,Linearaccel,10.0027895,-1.6789422,-5.432793,0,26627,1475565973035,3
1,Linearaccel,6.235588,7.252777,-3.1877337,0,26678,1475565973086,3
1,Linearaccel,6.028432,11.149028,-3.2895699,0,26728,1475565973136,3
1,Linearaccel,3.8485975,11.988804,-3.1904128,0,26778,1475565973186,3
1,Linearaccel,3.4059887,8.298313,-1.9181716,0,26829,1475565973237,3
1,Linearaccel,12.39594,-8.691706,-5.603299,0,26879,1475565973287,3
1,Linearaccel,9.832257,-13.318685,-3.2560532,0,26929,1475565973337,3
1,Linearaccel,-1.381856,-10.381351,-3.4641652,0,26980,1475565973388,3
1,Linearaccel,-8.482216,0.3520379,-1.9580162,0,27030,1475565973438,3
1,Linearaccel,-8.811773,4.7862506,-1.3968647,0,27080,1475565973488,3
1,Linearaccel,-8.576027,4.4403443,0.27449286,0,27131,1475565973539,3
1,Linearaccel,-7.0616326,1.5820851,-1.3648582,0,27181,1475565973589,3
1,Linearaccel,-5.0216165,-3.9435763,-2.2978618,0,27231,1475565973639,3
1,Linearaccel,1.5515059,-12.888355,-6.50165,0,27282,1475565973690,3
1,Linearaccel,12.799132,-12.793264,-5.4799924,0,27332,1475565973740,3
1,Linearaccel,9.279967,-6.7124906,-4.7941775,0,27382,1475565973790,3
1,Linearaccel,5.280968,3.0928106,-2.963714,0,27433,1475565973841,3
1,Linearaccel,4.6212416,7.1479583,-3.5881572,0,27483,1475565973891,3
1,Linearaccel,5.751697,12.118847,-3.2833426,0,27534,1475565973942,3
1,Linearaccel,5.288234,10.700389,-3.2820342,0,27584,1475565973992,3
1,Linearaccel,7.272134,4.2863054,-3.5550222,0,27634,1475565974042,3
1,Linearaccel,15.974081,-12.041723,-6.617486,0,27685,1475565974093,3
1,Linearaccel,11.4988365,-13.32795,-6.2735314,0,27735,1475565974143,3
1,Linearaccel,2.88618,-10.503771,-3.8155546,0,27785,1475565974193,3
1,Linearaccel,-5.7263474,-2.7473474,-3.263102,0,27836,1475565974244,3
1,Linearaccel,-9.972988,0.92037916,-1.9903547,0,27886,1475565974294,3
1,Linearaccel,-11.630916,3.7143888,-0.112071514,0,27936,1475565974344,3
1,Linearaccel,-8.9943075,-1.3965812,0.58547676,0,27987,1475565974395,3
1,Linearaccel,-3.2744434,-11.015252,0.093618155,0,28037,1475565974445,3
1,Linearaccel,10.973934,-12.603206,-2.9021568,0,28087,1475565974495,3
1,Linearaccel,12.287484,-12.443067,-4.0700846,0,28138,1475565974546,3
1,Linearaccel,10.379803,-2.592957,-7.038536,0,28188,1475565974596,3
1,Linearaccel,7.6442065,4.1641674,-5.2392282,0,28239,1475565974647,3
1,Linearaccel,5.9396,7.1500874,-4.7015696,0,28289,1475565974697,3
1,Linearaccel,5.6690884,9.875559,-2.536734,0,28339,1475565974747,3
1,Linearaccel,5.69812,8.254454,-1.6761383,0,28390,1475565974798,3
1,Linearaccel,8.423468,1.4548507,-1.916032,0,28440,1475565974848,3
1,Linearaccel,15.668071,-12.612993,-3.6635108,0,28490,1475565974898,3
1,Linearaccel,8.561415,-13.028439,-3.8665771,0,28541,1475565974949,3
1,Linearaccel,-0.8951173,-11.593491,-1.5345249,0,28591,1475565974999,3
1,Linearaccel,-9.22122,-1.3339186,-0.019039154,0,28641,1475565975049,3
1,Linearaccel,-12.748918,3.121035,0.5437095,0,28692,1475565975100,3
1,Linearaccel,-12.719248,0.02504301,-1.0808645,0,28742,1475565975150,3
1,Linearaccel,-7.143738,-4.8584037,-2.8165665,0,28792,1475565975200,3
1,Linearaccel,-0.18723005,-12.674839,-6.0276785,0,28843,1475565975251,3
1,Linearaccel,14.0988865,-12.895934,-8.149258,0,28893,1475565975301,3
1,Linearaccel,13.542731,-7.468279,-6.659499,0,28943,1475565975351,3
1,Linearaccel,7.166528,3.3794222,-5.2005806,0,28994,1475565975402,3
1,Linearaccel,4.2904377,7.393017,-3.9664629,0,29044,1475565975452,3
1,Linearaccel,6.1115565,8.814915,-3.2608564,0,29095,1475565975503,3
1,Linearaccel,5.1911874,8.245951,-3.394568,0,29145,1475565975553,3
1,Linearaccel,4.9447603,5.2856207,-1.8033607,0,29195,1475565975603,3
1,Linearaccel,15.269056,-11.172762,-4.7516165,0,29246,1475565975654,3
1,Linearaccel,10.185558,-13.2698145,-2.7354572,0,29296,1475565975704,3
1,Linearaccel,-0.36654377,-11.432081,-3.6840467,0,29346,1475565975754,3
1,Linearaccel,-6.9825745,-1.1270518,-3.2200618,0,29397,1475565975805,3
1,Linearaccel,-11.500589,6.255919,-2.3013163,0,29447,1475565975855,3
1,Linearaccel,-10.167152,5.32785,-2.068162,0,29497,1475565975905,3
1,Linearaccel,-7.971201,4.084605,-1.4188554,0,29548,1475565975956,3
1,Linearaccel,-5.0497046,-4.6900373,-3.3293967,0,29598,1475565976006,3
1,Linearaccel,5.550407,-12.840213,-8.841434,0,29648,1475565976056,3
1,Linearaccel,14.138494,-12.3811245,-6.605729,0,29699,1475565976107,3
1,Linearaccel,9.318063,-4.29094,-5.36667,0,29749,1475565976157,3
1,Linearaccel,4.5724106,3.5503101,-3.5031624,0,29799,1475565976207,3
1,Linearaccel,5.0458097,9.203909,-3.146395,0,29850,1475565976258,3
1,Linearaccel,5.2163396,12.505256,-2.6831555,0,29900,1475565976308,3
1,Linearaccel,3.7957156,11.042223,-1.8984308,0,29951,1475565976359,3
1,Linearaccel,9.963868,-0.94473267,-3.326331,0,30001,1475565976409,3
1,Linearaccel,15.011253,-13.525385,-1.7533085,0,30051,1475565976459,3
1,Linearaccel,3.6904087,-13.418452,-4.415075,0,30102,1475565976510,3
1,Linearaccel,-6.1541595,-5.596772,-4.383652,0,30152,1475565976560,3
1,Linearaccel,-9.89452,2.5920978,-2.7215033,0,30202,1475565976610,3
1,Linearaccel,-12.39165,3.96525,-1.7007703,0,30253,1475565976661,3
1,Linearaccel,-10.851486,3.3109007,-1.2563168,0,30303,1475565976711,3
1,Linearaccel,-7.374055,-6.8282065,-3.4523196,0,30353,1475565976761,3
1,Linearaccel,2.9403105,-12.862837,-9.5663595,0,30404,1475565976812,3
1,Linearaccel,16.736403,-12.5298195,-6.761897,0,30454,1475565976862,3
1,Linearaccel,11.814242,-3.1028996,-4.9113226,0,30504,1475565976912,3
1,Linearaccel,7.708208,5.8553543,-3.638709,0,30555,1475565976963,3
1,Linearaccel,6.344599,10.079279,-3.0821123,0,30605,1475565977013,3
1,Linearaccel,6.8234572,10.833428,-3.3343048,0,30655,1475565977063,3
1,Linearaccel,6.460818,7.005812,-3.3662124,0,30706,1475565977114,3
1,Linearaccel,15.6721115,-9.479656,-5.836938,0,30756,1475565977164,3
1,Linearaccel,9.754733,-13.461489,-3.2483945,0,30807,1475565977215,3
1,Linearaccel,-1.2079227,-12.4381695,-5.815,0,30857,1475565977265,3
1,Linearaccel,-9.029886,-2.0997143,-2.996718,0,30907,1475565977315,3
1,Linearaccel,-11.089238,3.8101478,-1.6159035,0,30958,1475565977366,3
1,Linearaccel,-10.727846,4.9183006,-1.1548085,0,31008,1475565977416,3
1,Linearaccel,-7.0034237,-0.73335314,-1.2655951,0,31058,1475565977466,3
1,Linearaccel,-2.8105521,-10.365111,-2.4279768,0,31109,1475565977517,3
1,Linearaccel,8.278985,-12.838097,-5.888105,0,31159,1475565977567,3
1,Linearaccel,14.155979,-12.351863,-3.9855433,0,31209,1475565977617,3
1,Linearaccel,10.986618,-3.0209403,-3.6690567,0,31260,1475565977668,3
1,Linearaccel,5.9676566,4.414669,-1.9503343,0,31310,1475565977718,3
1,Linearaccel,4.7635155,7.791828,-2.9757218,0,31360,1475565977768,3
1,Linearaccel,4.3693495,10.093728,-2.884532,0,31411,1475565977819,3
1,Linearaccel,3.4100676,8.702154,-3.035288,0,31461,1475565977869,3
1,Linearaccel,9.267029,0.30892467,-4.1636257,0,31512,1475565977920,3
1,Linearaccel,17.186216,-13.096309,-4.3792734,0,31562,1475565977970,3
1,Linearaccel,6.3210344,-13.040582,-4.669595,0,31612,1475565978020,3
1,Linearaccel,-4.5342293,-7.970668,-3.4720747,0,31663,1475565978071,3
1,Linearaccel,-12.975904,0.18105793,-0.7694757,0,31713,1475565978121,3
1,Linearaccel,-14.117787,3.3466187,-0.887785,0,31763,1475565978171,3
1,Linearaccel,-9.422703,-1.1066837,-0.23307782,0,31814,1475565978222,3
1,Linearaccel,-3.3790972,-7.18874,-0.74331796,0,31864,1475565978272,3
1,Linearaccel,4.951049,-12.760956,-1.909219,0,31914,1475565978322,3
1,Linearaccel,13.079389,-12.847328,-2.3378549,0,31965,1475565978373,3
1,Linearaccel,11.507578,-4.070107,-4.369435,0,32015,1475565978423,3
1,Linearaccel,6.966717,4.5006466,-1.3865553,0,32065,1475565978473,3
1,Linearaccel,5.9008083,7.0779734,-1.7406051,0,32116,1475565978524,3
1,Linearaccel,6.619771,11.26084,-1.0512234,0,32166,1475565978574,3
1,Linearaccel,5.5986753,8.095533,-0.6304761,0,32216,1475565978624,3
1,Linearaccel,14.55809,-7.2486567,-4.9163303,0,32267,1475565978675,3
1,Linearaccel,13.224243,-12.923464,-2.3642638,0,32317,1475565978725,3
1,Linearaccel,0.19040084,-12.1947975,-5.18768,0,32368,1475565978776,3
1,Linearaccel,-7.295683,-2.2817545,-3.1997905,0,32418,1475565978826,3
1,Linearaccel,-11.462353,3.9379635,-0.7272235,0,32468,1475565978876,3
1,Linearaccel,-13.444866,3.083085,0.71179557,0,32519,1475565978927,3
1,Linearaccel,-9.163794,-0.9647331,-0.12859717,0,32569,1475565978977,3
1,Linearaccel,-4.3308034,-9.50355,-1.6899067,0,32619,1475565979027,3
1,Linearaccel,10.167924,-12.6779,-8.066542,0,32670,1475565979078,3
1,Linearaccel,15.6767235,-10.396633,-4.6986756,0,32720,1475565979128,3
1,Linearaccel,11.673649,0.8714571,-3.7049484,0,32770,1475565979178,3
1,Linearaccel,8.236835,8.870963,-1.6603152,0,32821,1475565979229,3
1,Linearaccel,8.628287,12.767775,-1.3663187,0,32871,1475565979279,3
1,Linearaccel,7.0197287,11.117046,-2.0701652,0,32921,1475565979329,3
1,Linearaccel,10.375476,-0.48581457,-2.8724856,0,32972,1475565979380,3
1,Linearaccel,15.862451,-13.052478,-3.4041352,0,33022,1475565979430,3
1,Linearaccel,4.4790382,-13.014973,-3.0390167,0,33072,1475565979480,3
1,Linearaccel,-5.7413516,-5.3929133,-1.7306061,0,33123,1475565979531,3
1,Linearaccel,-12.661455,2.4796505,-1.7678456,0,33173,1475565979581,3
1,Linearaccel,-13.100466,4.201377,-2.304134,0,33224,1475565979632,3
1,Linearaccel,-10.528936,2.1594477,-1.6285967,0,33274,1475565979682,3
1,Linearaccel,-6.067733,-8.216881,-3.1685674,0,33324,1475565979732,3
1,Linearaccel,3.9120934,-12.72982,-6.475475,0,33375,1475565979783,3
1,Linearaccel,15.4897175,-12.593254,-5.1782217,0,33425,1475565979833,3
1,Linearaccel,12.151244,-4.566473,-4.9089413,0,33475,1475565979883,3
1,Linearaccel,8.604078,5.277481,-3.2264318,0,33526,1475565979934,3
1,Linearaccel,8.081781,11.347145,-2.03553,0,33576,1475565979984,3
1,Linearaccel,6.547859,12.747644,-2.7410738,0,33626,1475565980034,3
1,Linearaccel,4.785519,8.610729,-1.154535,0,33677,1475565980085,3
1,Linearaccel,15.396406,-9.316216,-3.5622628,0,33727,1475565980135,3
1,Linearaccel,13.061926,-13.282995,-2.0118606,0,33777,1475565980185,3
1,Linearaccel,-2.638291,-11.578159,-4.4394326,0,33828,1475565980236,3
1,Linearaccel,-11.504917,-2.216113,-2.2150316,0,33878,1475565980286,3
1,Linearaccel,-13.343835,2.8517036,-0.86816156,0,33929,1475565980337,3
1,Linearaccel,-11.810276,3.0581594,-0.80770636,0,33979,1475565980387,3
1,Linearaccel,-6.341178,-4.6614776,-1.5281222,0,34029,1475565980437,3
1,Linearaccel,-1.077033,-12.75721,-5.6084766,0,34080,1475565980488,3
1,Linearaccel,12.099318,-12.902733,-6.6912627,0,34130,1475565980538,3
1,Linearaccel,10.410359,-8.36574,-5.2135487,0,34180,1475565980588,3
1,Linearaccel,7.51686,4.098892,-3.6721287,0,34231,1475565980639,3
1,Linearaccel,6.185376,9.129396,-2.4263313,0,34281,1475565980689,3
1,Linearaccel,7.6736927,12.114817,-2.000284,0,34331,1475565980739,3
1,Linearaccel,4.5391226,9.255857,-1.7337879,0,34382,1475565980790,3
1,Linearaccel,10.090279,-4.141941,-3.6484923,0,34432,1475565980840,3
1,Linearaccel,12.799854,-13.171931,-3.1322231,0,34482,1475565980890,3
1,Linearaccel,0.96591973,-12.704151,-4.0942655,0,34533,1475565980941,3
1,Linearaccel,-6.62132,-3.8883886,-3.14367,0,34583,1475565980991,3
1,Linearaccel,-10.487656,3.2198358,-2.448009,0,34633,1475565981041,3
1,Linearaccel,-11.552353,5.9860578,-2.4656434,0,34684,1475565981092,3
1,Linearaccel,-9.935997,4.7842965,-2.2133942,0,34734,1475565981142,3
1,Linearaccel,-7.0554585,-6.6289563,-5.012175,0,34785,1475565981193,3
1,Linearaccel,2.9173853,-12.92644,-10.161567,0,34835,1475565981243,3
1,Linearaccel,15.118953,-12.427692,-7.6109486,0,34885,1475565981293,3
1,Linearaccel,11.303428,-1.9970374,-4.545965,0,34936,1475565981344,3
1,Linearaccel,6.034476,7.03228,-1.7737943,0,34986,1475565981394,3
1,Linearaccel,5.7054887,10.625275,-0.36894405,0,35036,1475565981444,3
1,Linearaccel,5.607226,11.23983,-1.952377,0,35087,1475565981495,3
1,Linearaccel,5.064948,7.091469,-1.3274094,0,35137,1475565981545,3
1,Linearaccel,14.365997,-11.129195,-7.3143635,0,35187,1475565981595,3
1,Linearaccel,9.517946,-13.529675,-4.1963873,0,35238,1475565981646,3
1,Linearaccel,-3.0616841,-10.436359,-5.1042385,0,35288,1475565981696,3
1,Linearaccel,-12.1677065,0.54264736,-2.8206015,0,35338,1475565981746,3
1,Linearaccel,-11.3923855,4.053396,-2.3423133,0,35389,1475565981797,3
1,Linearaccel,-11.004809,4.964544,-2.0287962,0,35439,1475565981847,3
1,Linearaccel,-8.002854,-0.14357615,-2.4857373,0,35489,1475565981897,3
1,Linearaccel,-3.9842348,-12.384468,-7.9761577,0,35540,1475565981948,3
1,Linearaccel,14.545286,-12.960945,-10.169579,0,35590,1475565981998,3
1,Linearaccel,11.504826,-8.942421,-6.2530384,0,35641,1475565982049,3
1,Linearaccel,7.881605,3.0586853,-4.8044047,0,35691,1475565982099,3
1,Linearaccel,4.504569,8.877369,-2.73594,0,35741,1475565982149,3
1,Linearaccel,4.864967,11.274308,-1.3136389,0,35792,1475565982200,3
1,Linearaccel,2.9730337,10.180336,-1.7485924,0,35842,1475565982250,3
1,Linearaccel,5.715297,1.5370588,-2.225482,0,35892,1475565982300,3
1,Linearaccel,14.093848,-13.58067,-4.91952,0,35943,1475565982351,3
1,Linearaccel,3.9308233,-13.625463,-5.6208043,0,35993,1475565982401,3
1,Linearaccel,-4.528723,-9.617828,-4.2184772,0,36043,1475565982451,3
1,Linearaccel,-9.892538,0.36405897,-3.1116748,0,36094,1475565982502,3
1,Linearaccel,-11.467887,5.0657897,-1.5256134,0,36144,1475565982552,3
1,Linearaccel,-11.694345,4.4287143,-1.477056,0,36194,1475565982602,3
1,Linearaccel,-8.579878,-0.10931349,-1.4305867,0,36245,1475565982653,3
1,Linearaccel,-4.9938164,-12.181758,-7.1944838,0,36295,1475565982703,3
1,Linearaccel,11.992939,-13.078259,-10.174959,0,36346,1475565982754,3
1,Linearaccel,9.751335,-9.314247,-5.940543,0,36396,1475565982804,3
1,Linearaccel,7.391824,2.8854165,-4.6996875,0,36446,1475565982854,3
1,Linearaccel,4.598064,8.659927,-2.1711192,0,36497,1475565982905,3
1,Linearaccel,4.8776317,10.883502,-0.88650584,0,36547,1475565982955,3
1,Linearaccel,3.5910084,10.424374,-1.1778533,0,36597,1475565983005,3
1,Linearaccel,5.041114,2.1856909,-2.3511436,0,36648,1475565983056,3
1,Linearaccel,11.887231,-13.223125,-7.0952144,0,36698,1475565983106,3
1,Linearaccel,1.8567066,-13.514702,-7.7566,0,36748,1475565983156,3
1,Linearaccel,-4.794447,-8.630174,-4.24192,0,36799,1475565983207,3
1,Linearaccel,-8.132846,0.5882454,-2.1777968,0,36849,1475565983257,3
1,Linearaccel,-10.085288,5.0858474,-0.98039734,0,36899,1475565983307,3
1,Linearaccel,-9.34444,4.877548,-0.45631528,0,36950,1475565983358,3
1,Linearaccel,-7.228298,2.0970154,-1.1536093,0,37000,1475565983408,3
1,Linearaccel,-6.97587,-10.826915,-6.6041603,0,37050,1475565983458,3
1,Linearaccel,7.7990475,-12.902171,-9.569104,0,37101,1475565983509,3
1,Linearaccel,8.525657,-9.63371,-5.6646657,0,37151,1475565983559,3
1,Linearaccel,6.210279,0.08441305,-4.3640003,0,37202,1475565983610,3
1,Linearaccel,4.690775,6.1220164,-2.4412167,0,37252,1475565983660,3
1,Linearaccel,5.3798594,11.371157,-1.554532,0,37302,1475565983710,3
1,Linearaccel,4.3028226,10.426639,-1.5746251,0,37353,1475565983761,3
1,Linearaccel,5.2508135,4.85643,-2.3265219,0,37403,1475565983811,3
1,Linearaccel,13.505515,-12.160639,-8.138163,0,37453,1475565983861,3
1,Linearaccel,5.723342,-13.213099,-6.8333673,0,37504,1475565983912,3
1,Linearaccel,-2.671735,-8.784739,-4.695394,0,37554,1475565983962,3
1,Linearaccel,-9.260134,1.7243295,-2.975462,0,37604,1475565984012,3
1,Linearaccel,-12.149544,4.6611004,-1.6823521,0,37655,1475565984063,3
1,Linearaccel,-10.785895,5.5012193,-1.6271429,0,37705,1475565984113,3
1,Linearaccel,-7.1523046,0.04803753,-1.4475646,0,37755,1475565984163,3
1,Linearaccel,-3.5400314,-12.451338,-3.112163,0,37806,1475565984214,3
1,Linearaccel,11.564267,-12.979549,-4.889843,0,37856,1475565984264,3
1,Linearaccel,12.430065,-10.328533,-2.32584,0,37906,1475565984314,3
1,Linearaccel,7.636943,0.9670744,-3.6813984,0,37957,1475565984365,3
1,Linearaccel,4.0339885,5.3704453,-2.419833,0,38007,1475565984415,3
1,Linearaccel,4.7493086,11.436314,-2.5189042,0,38058,1475565984466,3
1,Linearaccel,4.6296215,10.262789,-2.5325975,0,38108,1475565984516,3
1,Linearaccel,8.16784,2.9220958,-2.625867,0,38158,1475565984566,3
1,Linearaccel,15.71222,-13.027088,-6.68277,0,38209,1475565984617,3
1,Linearaccel,5.931443,-13.138121,-6.260651,0,38259,1475565984667,3
1,Linearaccel,-5.2007236,-8.697587,-5.480406,0,38309,1475565984717,3
1,Linearaccel,-12.359556,1.9956226,-2.225029,0,38360,1475565984768,3
1,Linearaccel,-11.234682,5.2889347,-1.2662024,0,38410,1475565984818,3
1,Linearaccel,-9.46369,5.708491,-0.054956734,0,38460,1475565984868,3
1,Linearaccel,-5.824146,-4.0518765,-2.2838898,0,38511,1475565984919,3
1,Linearaccel,0.18164416,-12.8202915,-6.970097,0,38561,1475565984969,3
1,Linearaccel,11.144672,-12.847012,-7.2614245,0,38611,1475565985019,3
1,Linearaccel,12.598609,-8.934551,-5.8785458,0,38662,1475565985070,3
1,Linearaccel,9.612017,3.160211,-4.1105127,0,38712,1475565985120,3
1,Linearaccel,7.485508,7.719401,-1.8650978,0,38763,1475565985171,3
1,Linearaccel,6.092224,9.926556,-1.1498833,0,38813,1475565985221,3
1,Linearaccel,6.850911,6.1309323,-1.5425177,0,38863,1475565985271,3
1,Linearaccel,8.6956835,-5.9047217,-2.8911693,0,38914,1475565985322,3
1,Linearaccel,8.859123,-13.293164,-3.4665418,0,38964,1475565985372,3
1,Linearaccel,4.317429,-13.228809,-4.985865,0,39014,1475565985422,3
1,Linearaccel,-0.79259276,-7.6009536,-3.6071258,0,39065,1475565985473,3
1,Linearaccel,-8.817613,0.16722965,-2.8116968,0,39115,1475565985523,3
1,Linearaccel,-12.039102,4.678331,-3.0631533,0,39165,1475565985573,3
1,Linearaccel,-10.700786,6.1538897,-2.750593,0,39216,1475565985624,3
1,Linearaccel,-6.618059,-1.8801489,-2.7874002,0,39266,1475565985674,3
1,Linearaccel,0.132492,-12.559523,-7.0792074,0,39316,1475565985724,3
1,Linearaccel,15.820194,-12.831408,-6.4472756,0,39367,1475565985775,3
1,Linearaccel,12.645672,-10.046936,-6.1992974,0,39417,1475565985825,3
1,Linearaccel,8.35076,2.303153,-4.854947,0,39467,1475565985875,3
1,Linearaccel,5.409522,7.093906,-3.884466,0,39518,1475565985926,3
1,Linearaccel,5.4774036,11.604769,-2.6277573,0,39568,1475565985976,3
1,Linearaccel,4.324707,10.204977,-3.019095,0,39619,1475565986027,3
1,Linearaccel,3.8031719,5.660721,-1.2598956,0,39669,1475565986077,3
1,Linearaccel,13.8302765,-10.099512,-2.724778,0,39719,1475565986127,3
1,Linearaccel,10.699363,-13.543133,-1.1981723,0,39770,1475565986178,3
1,Linearaccel,0.6103463,-10.858656,-2.3345969,0,39820,1475565986228,3
1,Linearaccel,-7.2431583,-0.89109707,-2.6429188,0,39870,1475565986278,3
1,Linearaccel,-10.087609,3.1004143,-2.266002,0,39921,1475565986329,3
1,Linearaccel,-12.182748,4.822978,-2.3794477,0,39971,1475565986379,3
1,Linearaccel,-8.884743,1.7019587,-3.1415946,0,40021,1475565986429,3
1,Linearaccel,-5.614519,-9.340557,-4.7932706,0,40072,1475565986480,3
1,Linearaccel,9.14031,-13.151319,-8.470024,0,40122,1475565986530,3
1,Linearaccel,12.581254,-12.039185,-5.4661407,0,40172,1475565986580,3
1,Linearaccel,8.987884,-0.9524698,-5.0241475,0,40223,1475565986631,3
1,Linearaccel,4.6487446,5.8693705,-3.500456,0,40273,1475565986681,3
1,Linearaccel,4.8760586,10.398481,-3.3114812,0,40323,1475565986731,3
1,Linearaccel,5.3920426,11.191055,-3.2957878,0,40374,1475565986782,3
1,Linearaccel,4.3574615,6.596925,-1.8806183,0,40424,1475565986832,3
1,Linearaccel,13.859109,-10.517075,-5.2647467,0,40475,1475565986883,3
1,Linearaccel,8.784175,-13.539482,-2.564303,0,40525,1475565986933,3
1,Linearaccel,-2.046172,-11.557491,-4.3740416,0,40575,1475565986983,3
1,Linearaccel,-10.038259,-0.925467,-2.7999833,0,40626,1475565987034,3
1,Linearaccel,-10.288832,3.5918598,-2.105566,0,40676,1475565987084,3
1,Linearaccel,-9.181916,4.894504,-1.4753362,0,40726,1475565987134,3
1,Linearaccel,-6.388509,2.926742,-1.658678,0,40777,1475565987185,3
1,Linearaccel,-4.7631035,-9.434586,-3.566465,0,40827,1475565987235,3
1,Linearaccel,7.719246,-13.088581,-7.7967777,0,40877,1475565987285,3
1,Linearaccel,9.519366,-12.613198,-5.6185684,0,40928,1475565987336,3
1,Linearaccel,7.4079275,-2.9379535,-5.379937,0,40978,1475565987386,3
1,Linearaccel,4.5219755,5.22363,-3.338356,0,41028,1475565987436,3
1,Linearaccel,6.2789817,10.928688,-3.0566494,0,41079,1475565987487,3
1,Linearaccel,4.850434,11.812248,-2.9468753,0,41129,1475565987537,3
1,Linearaccel,3.8745744,6.1364927,-2.0402837,0,41179,1475565987587,3
1,Linearaccel,11.677809,-11.915798,-5.7711205,0,41230,1475565987638,3
1,Linearaccel,5.333005,-13.328002,-4.093227,0,41280,1475565987688,3
1,Linearaccel,-2.6373572,-10.136927,-3.332511,0,41331,1475565987739,3
1,Linearaccel,-7.885935,1.0622821,-1.1316266,0,41381,1475565987789,3
1,Linearaccel,-10.310077,5.7196074,-0.49502873,0,41431,1475565987839,3
1,Linearaccel,-8.649191,4.8214936,-0.5384879,0,41482,1475565987890,3
1,Linearaccel,-4.8380976,-1.1080127,-1.4236575,0,41532,1475565987940,3
1,Linearaccel,-2.4636006,-11.643907,-3.4014015,0,41582,1475565987990,3
1,Linearaccel,9.268593,-12.994577,-6.3031883,0,41633,1475565988041,3
1,Linearaccel,9.237776,-11.534601,-4.7447853,0,41683,1475565988091,3
1,Linearaccel,7.822644,-1.1445303,-4.499593,0,41733,1475565988141,3
1,Linearaccel,4.667395,5.764987,-2.7335703,0,41784,1475565988192,3
1,Linearaccel,5.88516,12.412618,-2.3041341,0,41834,1475565988242,3
1,Linearaccel,4.7710323,12.524754,-3.4134583,0,41884,1475565988292,3
1,Linearaccel,6.0455694,7.0052867,-3.4163017,0,41935,1475565988343,3
1,Linearaccel,16.500048,-11.970093,-7.257039,0,41985,1475565988393,3
1,Linearaccel,6.536682,-13.111748,-6.309724,0,42036,1475565988444,3
1,Linearaccel,-4.5986605,-7.6981306,-4.234866,0,42086,1475565988494,3
1,Linearaccel,-12.395579,2.2367072,-2.3799987,0,42136,1475565988544,3
1,Linearaccel,-10.368617,4.1136413,-1.1077144,0,42187,1475565988595,3
1,Linearaccel,-7.8755383,5.295211,0.81316996,0,42237,1475565988645,3
1,Linearaccel,-4.9669914,0.47592688,-0.080590606,0,42287,1475565988695,3
1,Linearaccel,-0.29527956,-11.796185,-2.5980587,0,42338,1475565988746,3
1,Linearaccel,14.866936,-12.888705,-4.5557995,0,42388,1475565988796,3
1,Linearaccel,12.227835,-11.367751,-4.3984594,0,42438,1475565988846,3
1,Linearaccel,8.399132,-0.77136946,-3.4829838,0,42489,1475565988897,3
1,Linearaccel,5.4902163,5.416799,-3.1793656,0,42539,1475565988947,3
1,Linearaccel,6.9068394,13.112444,-1.3701289,0,42589,1475565988997,3
1,Linearaccel,5.265568,12.95717,-2.2406993,0,42640,1475565989048,3
1,Linearaccel,6.261661,6.6886663,-2.3660784,0,42690,1475565989098,3
1,Linearaccel,16.794865,-12.002196,-5.8961115,0,42740,1475565989148,3
1,Linearaccel,4.296614,-13.009354,-5.0101876,0,42791,1475565989199,3
1,Linearaccel,-3.9185574,-8.660524,-2.9291112,0,42841,1475565989249,3
1,Linearaccel,-9.43724,1.7110124,-0.5477469,0,42892,1475565989300,3
1,Linearaccel,-10.230229,6.436365,-0.6156393,0,42942,1475565989350,3
1,Linearaccel,-8.424267,4.707183,0.2943671,0,42992,1475565989400,3
1,Linearaccel,-5.113208,-4.3666635,-0.84595984,0,43043,1475565989451,3
1,Linearaccel,-0.63747865,-12.781521,-4.0707583,0,43093,1475565989501,3
1,Linearaccel,12.912307,-12.900683,-4.847546,0,43143,1475565989551,3
1,Linearaccel,12.201058,-9.652706,-4.596025,0,43194,1475565989602,3
1,Linearaccel,9.088804,2.5991673,-2.6168742,0,43244,1475565989652,3
1,Linearaccel,5.280374,8.341272,-1.6836145,0,43294,1475565989702,3
1,Linearaccel,7.3896756,12.832185,-1.4671469,0,43345,1475565989753,3
1,Linearaccel,5.545723,10.291112,-1.7338719,0,43395,1475565989803,3
1,Linearaccel,11.053311,-3.2153244,-3.1263537,0,43445,1475565989853,3
1,Linearaccel,13.379684,-13.160359,-2.466242,0,43496,1475565989904,3
1,Linearaccel,1.8861817,-12.992458,-4.191295,0,43546,1475565989954,3
1,Linearaccel,-5.2980995,-6.2518935,-1.3908648,0,43596,1475565990004,3
1,Linearaccel,-9.42569,2.1934705,-0.36007035,0,43647,1475565990055,3
1,Linearaccel,-10.948116,6.2759533,-1.0250155,0,43697,1475565990105,3
1,Linearaccel,-9.103155,3.739317,-0.87883097,0,43748,1475565990156,3
1,Linearaccel,-6.440338,-5.8654675,-1.9729499,0,43798,1475565990206,3
1,Linearaccel,4.8019958,-12.930221,-5.689373,0,43848,1475565990256,3
1,Linearaccel,15.5286045,-12.563412,-4.9224796,0,43899,1475565990307,3
1,Linearaccel,11.450392,-4.538559,-3.98212,0,43949,1475565990357,3
1,Linearaccel,7.233651,4.022247,-2.853356,0,43999,1475565990407,3
1,Linearaccel,6.040734,10.302441,-1.2142879,0,44050,1475565990458,3
1,Linearaccel,6.522194,11.157547,-1.0382963,0,44100,1475565990508,3
1,Linearaccel,4.2987022,9.223591,-0.49450278,0,44150,1475565990558,3
1,Linearaccel,11.991029,-6.162605,-2.2467604,0,44201,1475565990609,3
1,Linearaccel,9.716585,-13.295599,-1.9764841,0,44251,1475565990659,3
1,Linearaccel,0.49658918,-12.285832,-2.8121476,0,44301,1475565990709,3
1,Linearaccel,-5.2359705,-3.895607,-1.7487814,0,44352,1475565990760,3
1,Linearaccel,-8.746225,1.8887768,-1.8374885,0,44402,1475565990810,3
1,Linearaccel,-10.176221,4.8872576,-1.3159153,0,44453,1475565990861,3
1,Linearaccel,-7.628172,0.83670807,-2.3779268,0,44503,1475565990911,3
1,Linearaccel,-5.3943167,-5.589007,-2.599163,0,44553,1475565990961,3
1,Linearaccel,5.462758,-12.905046,-8.02237,0,44604,1475565991012,3
1,Linearaccel,14.140077,-11.872131,-5.5914483,0,44654,1475565991062,3
1,Linearaccel,9.132249,-3.1418276,-4.306053,0,44704,1475565991112,3
1,Linearaccel,5.9618716,5.996052,-2.9890347,0,44755,1475565991163,3
1,Linearaccel,7.4638963,11.879765,-1.5270076,0,44805,1475565991213,3
1,Linearaccel,5.0121346,11.440725,-2.398613,0,44855,1475565991263,3
1,Linearaccel,4.241134,7.8571634,-0.92385507,0,44906,1475565991314,3
1,Linearaccel,14.598065,-10.692978,-5.03601,0,44956,1475565991364,3
1,Linearaccel,7.412489,-13.2599,-3.5053387,0,45006,1475565991414,3
1,Linearaccel,-2.9817524,-10.205477,-3.3935232,0,45057,1475565991465,3
1,Linearaccel,-7.504324,1.0274477,-2.2262845,0,45107,1475565991515,3
1,Linearaccel,-10.262904,6.197255,-1.589218,0,45157,1475565991565,3
1,Linearaccel,-11.850424,7.6706777,-1.095049,0,45208,1475565991616,3
1,Linearaccel,-8.87369,2.0645757,-2.1858406,0,45258,1475565991666,3
1,Linearaccel,-4.0556445,-12.312596,-5.963786,0,45309,1475565991717,3
1,Linearaccel,14.151057,-12.9786415,-8.2366705,0,45359,1475565991767,3
1,Linearaccel,11.530028,-9.871944,-4.626935,0,45409,1475565991817,3
1,Linearaccel,8.066031,1.6009998,-3.6087327,0,45460,1475565991868,3
1,Linearaccel,4.5456996,7.2803335,-2.1319666,0,45510,1475565991918,3
1,Linearaccel,5.6047797,11.936568,-1.7218274,0,45560,1475565991968,3
1,Linearaccel,5.0177083,10.683342,-2.1868403,0,45611,1475565992019,3
1,Linearaccel,5.5474825,3.3252764,-1.7244252,0,45661,1475565992069,3
1,Linearaccel,14.637645,-13.053667,-4.1492696,0,45711,1475565992119,3
1,Linearaccel,6.1974854,-13.375164,-3.6804185,0,45762,1475565992170,3
1,Linearaccel,-3.1064363,-7.940093,-3.678708,0,45812,1475565992220,3
1,Linearaccel,-9.91414,1.9159446,-2.6214304,0,45862,1475565992270,3
1,Linearaccel,-10.025592,5.5016317,-2.541648,0,45913,1475565992321,3
1,Linearaccel,-9.868161,5.817589,-2.693499,0,45963,1475565992371,3
1,Linearaccel,-7.337079,0.22447634,-2.6280146,0,46013,1475565992421,3
1,Linearaccel,-3.3351014,-12.459478,-9.0003805,0,46064,1475565992472,3
1,Linearaccel,13.827897,-12.930765,-8.392488,0,46114,1475565992522,3
1,Linearaccel,9.603044,-9.384825,-4.8265767,0,46165,1475565992573,3
1,Linearaccel,6.6813984,2.3087106,-2.5647876,0,46215,1475565992623,3
1,Linearaccel,3.29803,8.080014,-1.2892226,0,46265,1475565992673,3
1,Linearaccel,4.741196,10.945265,-0.69248176,0,46316,1475565992724,3
1,Linearaccel,3.1789103,10.435884,-1.1495293,0,46366,1475565992774,3
1,Linearaccel,5.450698,1.4443841,-2.9566832,0,46416,1475565992824,3
1,Linearaccel,14.22501,-13.4162655,-6.3498783,0,46467,1475565992875,3
1,Linearaccel,3.861752,-13.450751,-5.8887825,0,46517,1475565992925,3
1,Linearaccel,-3.4726405,-7.8589716,-3.6560907,0,46567,1475565992975,3
1,Linearaccel,-8.327388,0.9284382,-2.4218495,0,46618,1475565993026,3
1,Linearaccel,-11.394506,6.0219817,-1.992823,0,46668,1475565993076,3
1,Linearaccel,-10.651016,6.2556167,-2.3981915,0,46718,1475565993126,3
1,Linearaccel,-7.866654,-0.0920763,-2.357935,0,46769,1475565993177,3
1,Linearaccel,-4.3666487,-12.597476,-8.733311,0,46819,1475565993227,3
1,Linearaccel,12.299063,-12.857615,-8.771312,0,46869,1475565993277,3
1,Linearaccel,9.078631,-8.377977,-5.036871,0,46920,1475565993328,3
1,Linearaccel,6.7350225,2.0107641,-2.9856725,0,46970,1475565993378,3
1,Linearaccel,4.9025154,8.609823,-1.8009713,0,47021,1475565993429,3
1,Linearaccel,6.2461724,11.549524,-1.3938528,0,47071,1475565993479,3
1,Linearaccel,3.7017848,10.059931,-1.365732,0,47121,1475565993529,3
1,Linearaccel,8.825757,-1.2135062,-3.5129843,0,47172,1475565993580,3
1,Linearaccel,11.932676,-13.320398,-6.2454634,0,47222,1475565993630,3
1,Linearaccel,0.35171962,-13.229538,-6.560313,0,47272,1475565993680,3
1,Linearaccel,-8.144844,-5.7367396,-4.3780756,0,47323,1475565993731,3
1,Linearaccel,-10.189812,1.1051869,-2.968048,0,47373,1475565993781,3
1,Linearaccel,-9.71258,5.938588,-2.6374152,0,47423,1475565993831,3
1,Linearaccel,-7.4635477,5.5389075,-2.2147303,0,47474,1475565993882,3
1,Linearaccel,-5.8255467,-2.8728857,-3.762144,0,47524,1475565993932,3
1,Linearaccel,1.3622017,-12.96198,-8.313362,0,47574,1475565993982,3
1,Linearaccel,10.4768505,-12.394995,-5.577425,0,47625,1475565994033,3
1,Linearaccel,7.6305966,-6.754428,-4.6181755,0,47675,1475565994083,3
1,Linearaccel,5.082754,1.5419831,-2.5330586,0,47726,1475565994134,3
1,Linearaccel,4.633934,9.219292,-1.575635,0,47776,1475565994184,3
1,Linearaccel,4.203718,12.344074,-2.388781,0,47826,1475565994234,3
1,Linearaccel,3.159979,9.421711,-2.3475838,0,47877,1475565994285,3
1,Linearaccel,10.009532,-6.906857,-5.753884,0,47927,1475565994335,3
1,Linearaccel,9.77148,-13.261317,-5.707757,0,47977,1475565994385,3
1,Linearaccel,1.9006248,-12.961082,-4.970215,0,48028,1475565994436,3
1,Linearaccel,-5.430503,-4.7815323,-3.5989265,0,48078,1475565994486,3
1,Linearaccel,-11.37339,1.9045248,-3.1804867,0,48128,1475565994536,3
1,Linearaccel,-12.181594,5.205835,-2.3787453,0,48179,1475565994587,3
1,Linearaccel,-7.7405534,4.671311,-2.1332843,0,48229,1475565994637,3
1,Linearaccel,-3.999452,-4.1292305,-2.810104,0,48279,1475565994687,3
1,Linearaccel,0.7189788,-12.758577,-6.7710743,0,48330,1475565994738,3
1,Linearaccel,11.167742,-12.454263,-5.545771,0,48380,1475565994788,3
1,Linearaccel,8.392302,-6.644055,-3.856686,0,48430,1475565994838,3
1,Linearaccel,5.763232,0.9252672,-2.4922218,0,48481,1475565994889,3
1,Linearaccel,4.412889,5.988401,-1.0958363,0,48531,1475565994939,3
1,Linearaccel,5.1670704,9.37125,-1.0142435,0,48582,1475565994990,3
1,Linearaccel,4.6483846,7.6115746,-2.3153844,0,48632,1475565995040,3
1,Linearaccel,10.617041,-2.0358186,-5.746272,0,48682,1475565995090,3
1,Linearaccel,13.209048,-12.864787,-6.994923,0,48733,1475565995141,3
1,Linearaccel,5.535837,-12.835118,-9.131196,0,48783,1475565995191,3
1,Linearaccel,-2.8425117,-10.39779,-4.61832,0,48833,1475565995241,3
1,Linearaccel,-12.167132,-4.5174117,-2.4035478,0,48884,1475565995292,3
1,Linearaccel,-12.193739,0.8206558,-1.2313583,0,48934,1475565995342,3
1,Linearaccel,-7.316608,3.8559647,0.029154748,0,48984,1475565995392,3
1,Linearaccel,-0.6774217,-1.9302955,0.12955523,0,49035,1475565995443,3
1,Linearaccel,-1.174726,-8.9977,-1.8965552,0,49085,1475565995493,3
1,Linearaccel,7.5740156,-12.656179,-6.49132,0,49135,1475565995543,3
1,Linearaccel,4.6163754,-7.4491687,-4.531355,0,49186,1475565995594,3
1,Linearaccel,4.940082,1.2518468,-3.4783263,0,49236,1475565995644,3
1,Linearaccel,4.2359104,5.0489335,-2.5384538,0,49286,1475565995694,3
1,Linearaccel,5.9737797,8.758558,-0.939348,0,49337,1475565995745,3
1,Linearaccel,4.7111588,9.151907,-0.7062055,0,49387,1475565995795,3
1,Linearaccel,5.994094,3.5680904,-2.463222,0,49438,1475565995846,3
1,Linearaccel,15.460695,-12.243435,-7.8700995,0,49488,1475565995896,3
1,Linearaccel,7.2473764,-12.62195,-6.1689887,0,49538,1475565995946,3
1,Linearaccel,-1.3553421,-10.624096,-4.9777536,0,49589,1475565995997,3
1,Linearaccel,-6.671973,-1.2746978,-2.5617514,0,49639,1475565996047,3
1,Linearaccel,-11.669194,4.6877265,-2.2019145,0,49689,1475565996097,3
1,Linearaccel,-13.9187355,4.621647,-2.2063026,0,49740,1475565996148,3
1,Linearaccel,-9.128084,1.0378184,-2.4158494,0,49790,1475565996198,3
1,Linearaccel,-4.89103,-9.39253,-8.217582,0,49840,1475565996248,3
1,Linearaccel,11.641018,-12.373935,-13.140095,0,49891,1475565996299,3
1,Linearaccel,12.641551,-9.939714,-8.493509,0,49941,1475565996349,3
1,Linearaccel,8.887796,-0.09274721,-4.4284954,0,49991,1475565996399,3
1,Linearaccel,4.504353,7.253876,-2.2217944,0,50042,1475565996450,3
1,Linearaccel,6.835919,11.928744,-0.64976025,0,50092,1475565996500,3
1,Linearaccel,5.1959376,11.511549,-1.3179624,0,50143,1475565996551,3
1,Linearaccel,4.7382197,7.3166428,-1.2195894,0,50193,1475565996601,3
1,Linearaccel,13.235317,-11.301964,-9.246911,0,50243,1475565996651,3
1,Linearaccel,6.105125,-12.647543,-8.021506,0,50294,1475565996702,3
1,Linearaccel,-2.9483042,-10.182078,-6.3148456,0,50344,1475565996752,3
1,Linearaccel,-7.333169,1.5398207,-1.8569517,0,50394,1475565996802,3
1,Linearaccel,-8.631413,7.898654,-0.64241153,0,50445,1475565996853,3
1,Linearaccel,-10.061797,7.9586644,-0.0072689056,0,50495,1475565996903,3
1,Linearaccel,-8.195742,3.266914,-1.7640009,0,50545,1475565996953,3
1,Linearaccel,-4.991167,-11.208342,-7.497083,0,50596,1475565997004,3
1,Linearaccel,8.145482,-12.509726,-10.942091,0,50646,1475565997054,3
1,Linearaccel,12.09299,-10.668588,-6.8075576,0,50696,1475565997104,3
1,Linearaccel,8.900455,-1.1584067,-4.3631663,0,50747,1475565997155,3
1,Linearaccel,6.637175,6.162138,-1.7030112,0,50797,1475565997205,3
1,Linearaccel,6.2633486,11.702973,-0.2812673,0,50847,1475565997255,3
1,Linearaccel,4.447236,11.731323,-1.1619493,0,50898,1475565997306,3
1,Linearaccel,4.523654,7.2980533,-1.288875,0,50948,1475565997356,3
1,Linearaccel,13.789878,-10.561838,-6.1316004,0,50999,1475565997407,3
1,Linearaccel,7.4932194,-12.856916,-5.8048983,0,51049,1475565997457,3
1,Linearaccel,-1.4278206,-10.707748,-5.437969,0,51099,1475565997507,3
1,Linearaccel,-6.0001845,-0.6459093,-3.0253768,0,51150,1475565997558,3
1,Linearaccel,-10.2708,5.049863,-2.9846373,0,51200,1475565997608,3
1,Linearaccel,-10.297419,6.9435678,-2.2857354,0,51250,1475565997658,3
1,Linearaccel,-8.308891,2.6195078,-2.3721824,0,51301,1475565997709,3
1,Linearaccel,-5.968566,-8.573057,-5.23801,0,51351,1475565997759,3
1,Linearaccel,4.314881,-12.520295,-9.578957,0,51401,1475565997809,3
1,Linearaccel,13.243986,-12.199007,-7.1503606,0,51452,1475565997860,3
1,Linearaccel,10.220328,-3.4434018,-5.3184156,0,51502,1475565997910,3
1,Linearaccel,7.152508,6.221201,-2.1635065,0,51552,1475565997960,3
1,Linearaccel,5.910084,11.46377,-1.0451573,0,51603,1475565998011,3
1,Linearaccel,5.955575,12.564975,-1.3199377,0,51653,1475565998061,3
1,Linearaccel,5.1200595,7.8639274,-1.1001582,0,51703,1475565998111,3
1,Linearaccel,13.4661665,-9.214207,-8.565498,0,51754,1475565998162,3
1,Linearaccel,7.958033,-12.819625,-5.7847304,0,51804,1475565998212,3
1,Linearaccel,0.21287084,-11.378984,-5.122452,0,51855,1475565998263,3
1,Linearaccel,-7.023595,-2.36234,-3.5760188,0,51905,1475565998313,3
1,Linearaccel,-10.041881,2.7716322,-2.4703646,0,51955,1475565998363,3
1,Linearaccel,-11.121871,3.6871338,-1.3324143,0,52006,1475565998414,3
1,Linearaccel,-8.2024975,1.0548563,-1.2767296,0,52056,1475565998464,3
1,Linearaccel,-4.4523406,-4.1518655,-2.9950244,0,52106,1475565998514,3
1,Linearaccel,3.9646215,-12.514442,-6.4133863,0,52157,1475565998565,3
1,Linearaccel,14.936185,-12.385111,-5.9650474,0,52207,1475565998615,3
1,Linearaccel,11.2481785,-6.423145,-3.713286,0,52257,1475565998665,3
1,Linearaccel,5.4221435,2.3995972,-1.8986021,0,52308,1475565998716,3
1,Linearaccel,4.9767675,7.8686395,-0.7985214,0,52358,1475565998766,3
1,Linearaccel,5.830536,11.245338,-0.2085712,0,52408,1475565998816,3
1,Linearaccel,5.0307503,10.368809,-0.7203766,0,52459,1475565998867,3
1,Linearaccel,8.868081,0.34280634,-3.8179762,0,52509,1475565998917,3
1,Linearaccel,14.3804,-12.656446,-8.62137,0,52559,1475565998967,3
1,Linearaccel,4.305217,-12.606699,-8.507427,0,52610,1475565999018,3
1,Linearaccel,-2.165583,-6.6611133,-4.1740317,0,52660,1475565999068,3
1,Linearaccel,-7.8884196,1.2482076,-1.7479371,0,52711,1475565999119,3
1,Linearaccel,-10.21179,4.192311,-0.8079989,0,52761,1475565999169,3
1,Linearaccel,-9.982156,6.364255,-0.036399394,0,52811,1475565999219,3
1,Linearaccel,-7.177628,0.9203334,-0.6387932,0,52862,1475565999270,3
1,Linearaccel,-3.6706035,-11.610478,-5.5787168,0,52912,1475565999320,3
1,Linearaccel,13.803302,-12.395727,-5.6422415,0,52962,1475565999370,3
1,Linearaccel,12.083207,-9.250148,-3.01213,0,53013,1475565999421,3
1,Linearaccel,8.263567,1.2733588,-2.0518208,0,53063,1475565999471,3
1,Linearaccel,5.4649286,5.866871,-0.58600456,0,53113,1475565999521,3
1,Linearaccel,6.884433,11.318489,-0.28825855,0,53164,1475565999572,3
1,Linearaccel,5.6142697,10.599122,-1.4466404,0,53214,1475565999622,3
1,Linearaccel,6.252489,5.2395935,-0.83668363,0,53264,1475565999672,3
1,Linearaccel,14.092623,-11.565112,-5.496171,0,53315,1475565999723,3
1,Linearaccel,7.0337086,-12.543358,-4.3498607,0,53365,1475565999773,3
1,Linearaccel,-2.3831055,-9.252033,-3.6686373,0,53416,1475565999824,3
1,Linearaccel,-8.380889,0.9809694,-2.0940595,0,53466,1475565999874,3
1,Linearaccel,-10.309716,6.9791102,-1.5781552,0,53516,1475565999924,3
1,Linearaccel,-9.932928,6.31903,-0.07755351,0,53567,1475565999975,3
1,Linearaccel,-6.013346,1.183146,-0.3034863,0,53617,1475566000025,3
1,Linearaccel,-3.2813628,-10.020911,-2.927481,0,53667,1475566000075,3
1,Linearaccel,9.203139,-12.396317,-8.909241,0,53718,1475566000126,3
1,Linearaccel,12.7813635,-11.522028,-6.18129,0,53768,1475566000176,3
1,Linearaccel,10.504058,-0.94483805,-4.153034,0,53818,1475566000226,3
1,Linearaccel,6.4454536,7.4563107,-1.4528966,0,53869,1475566000277,3
1,Linearaccel,7.2506166,11.8286915,0.0022146106,0,53919,1475566000327,3
1,Linearaccel,7.061624,12.474543,-0.09081352,0,53969,1475566000377,3
1,Linearaccel,6.8138704,7.360794,-0.033115327,0,54020,1475566000428,3
1,Linearaccel,13.135529,-10.469656,-6.5573187,0,54070,1475566000478,3
1,Linearaccel,5.8620095,-12.623887,-6.656824,0,54120,1475566000528,3
1,Linearaccel,-2.8453429,-10.080266,-4.238399,0,54171,1475566000579,3
1,Linearaccel,-8.688085,0.41407442,-1.2635522,0,54221,1475566000629,3
1,Linearaccel,-10.03574,6.122188,-0.24830246,0,54272,1475566000680,3
1,Linearaccel,-9.245922,6.41519,0.5218088,0,54322,1475566000730,3
1,Linearaccel,-6.55247,1.2838826,-0.4629888,0,54372,1475566000780,3
1,Linearaccel,-4.1820116,-10.111483,-5.569493,0,54423,1475566000831,3
1,Linearaccel,7.056536,-12.442483,-8.9567375,0,54473,1475566000881,3
1,Linearaccel,12.349546,-10.808999,-5.8914948,0,54523,1475566000931,3
1,Linearaccel,10.880579,1.0410099,-4.583137,0,54574,1475566000982,3
1,Linearaccel,8.366707,7.4828873,-1.6784925,0,54624,1475566001032,3
1,Linearaccel,7.8255553,10.145805,-0.6371318,0,54674,1475566001082,3
1,Linearaccel,6.6704016,10.059442,-0.34961456,0,54725,1475566001133,3
1,Linearaccel,6.88063,3.2983027,-0.5398103,0,54775,1475566001183,3
1,Linearaccel,11.030372,-12.00613,-5.0496325,0,54825,1475566001233,3
1,Linearaccel,6.5204935,-12.7725315,-4.539361,0,54876,1475566001284,3
1,Linearaccel,-0.61793876,-10.905474,-3.4708166,0,54926,1475566001334,3
1,Linearaccel,-8.151592,-3.111682,-2.7371888,0,54976,1475566001384,3
1,Linearaccel,-10.275751,2.245977,-2.7288637,0,55027,1475566001435,3
1,Linearaccel,-11.163732,5.992932,-2.0089035,0,55077,1475566001485,3
1,Linearaccel,-7.8292866,4.5501084,-1.2069529,0,55128,1475566001536,3
1,Linearaccel,-5.264633,-6.596007,-4.656787,0,55178,1475566001586,3
1,Linearaccel,9.008046,-12.447468,-10.020064,0,55228,1475566001636,3
1,Linearaccel,11.831233,-11.225846,-6.839143,0,55279,1475566001687,3
1,Linearaccel,9.026672,-0.95046425,-4.8609114,0,55329,1475566001737,3
1,Linearaccel,4.705864,6.0086694,-2.523515,0,55379,1475566001787,3
1,Linearaccel,5.008276,10.207203,-0.47506154,0,55430,1475566001838,3
1,Linearaccel,6.3003063,12.128141,-0.17752182,0,55480,1475566001888,3
1,Linearaccel,5.4142504,8.90173,-0.36750746,0,55530,1475566001938,3
1,Linearaccel,13.73629,-6.5043745,-3.882167,0,55581,1475566001989,3
1,Linearaccel,13.954851,-12.951866,-4.1806755,0,55631,1475566002039,3
1,Linearaccel,2.8446789,-12.357488,-4.2556815,0,55681,1475566002089,3
1,Linearaccel,-6.547413,-3.8488402,-4.6556168,0,55732,1475566002140,3
1,Linearaccel,-9.96864,0.8824315,-3.8334358,0,55782,1475566002190,3
1,Linearaccel,-11.870125,2.645368,-2.635018,0,55833,1475566002241,3
1,Linearaccel,-10.593014,4.3637595,-2.148798,0,55883,1475566002291,3
1,Linearaccel,-7.1414156,-1.472414,-2.397872,0,55933,1475566002341,3
1,Linearaccel,-0.9981141,-12.512872,-9.924972,0,55984,1475566002392,3
1,Linearaccel,14.53305,-12.516098,-8.784195,0,56034,1475566002442,3
1,Linearaccel,13.075118,-8.539633,-5.9598045,0,56084,1475566002492,3
1,Linearaccel,8.898687,3.4253678,-2.9856858,0,56135,1475566002543,3
1,Linearaccel,6.144144,8.366407,-0.9365593,0,56185,1475566002593,3
1,Linearaccel,4.999408,9.785557,-0.22890317,0,56235,1475566002643,3
1,Linearaccel,4.295982,8.46895,-0.19893754,0,56286,1475566002694,3
1,Linearaccel,3.7131743,0.031377792,-1.9438651,0,56336,1475566002744,3
1,Linearaccel,3.4440088,-10.799392,-3.8872771,0,56386,1475566002794,3
1,Linearaccel,0.038238525,-12.658089,-4.2396045,0,56437,1475566002845,3
1,Linearaccel,-1.5726912,-8.927789,-3.5617762,0,56487,1475566002895,3
1,Linearaccel,-3.85245,0.027545929,-0.79092336,0,56537,1475566002945,3
1,Linearaccel,-2.4279976,-1.1607575,-1.9455619,0,56588,1475566002996,3
1,Linearaccel,-1.0646648,1.0483756,-1.1482668,0,56638,1475566003046,3
1,Linearaccel,0.8795047,0.038626194,-1.5249059,0,56689,1475566003097,3
1,Linearaccel,1.3734002,-4.4960513,-1.7893353,0,56739,1475566003147,3
1,Linearaccel,2.4796069,-5.7715235,-2.9646676,0,56789,1475566003197,3
1,Linearaccel,1.0163605,-3.862814,-1.7238765,0,56840,1475566003248,3
1,Linearaccel,0.098839164,-2.5849357,-1.579179,0,56890,1475566003298,3
1,Linearaccel,-0.27434003,-1.4859128,-1.4002898,0,56940,1475566003348,3
1,Linearaccel,-0.03315991,-1.7357988,-1.0955093,0,56991,1475566003399,3
1,Linearaccel,-0.22200692,-2.7348275,-0.96255827,0,57041,1475566003449,3
1,Linearaccel,-0.026872337,-3.790584,-1.0724907,0,57091,1475566003499,3
1,Linearaccel,0.28612757,-2.8893342,-0.73188543,0,57142,1475566003550,3
1,Linearaccel,-0.2036829,-2.6356792,-0.9513948,0,57192,1475566003600,3
1,Linearaccel,-0.18760395,-2.7378516,-0.5973532,0,57242,1475566003650,3
1,Linearaccel,0.074869335,-2.7550917,-0.5406544,0,57293,1475566003701,3
1,Linearaccel,0.23627639,-2.6401582,-0.35303044,0,57343,1475566003751,3
1,Linearaccel,0.07836628,-2.7812467,-0.42532253,0,57393,1475566003801,3
1,Linearaccel,0.008770943,-2.315051,-0.34563732,0,57444,1475566003852,3
1,Linearaccel,-0.15115476,-2.2061439,-0.38883066,0,57494,1475566003902,3
1,Linearaccel,-0.17364573,-2.3034496,-0.46971464,0,57545,1475566003953,3
1,Linearaccel,-0.024392188,-2.3255267,-0.36774683,0,57595,1475566004003,3
1,Linearaccel,-0.1086632,-2.1288695,-0.3727951,0,57645,1475566004053,3
1,Linearaccel,-0.27354068,-1.7995801,-0.35790348,0,57696,1475566004104,3
1,Linearaccel,-0.37483466,-1.631175,-0.32921052,0,57746,1475566004154,3
1,Linearaccel,-0.268573,-1.677186,-0.20662284,0,57796,1475566004204,3
1,Linearaccel,-0.25028408,-1.5576468,-0.17360306,0,57847,1475566004255,3
1,Linearaccel,-0.24067843,-1.3331585,-0.08479762,0,57897,1475566004305,3
1,Linearaccel,-0.31233352,-1.2072983,-0.16387343,0,57947,1475566004355,3
1,Linearaccel,-0.25935596,-1.0934896,-0.11420941,0,57998,1475566004406,3
1,Linearaccel,-0.25425208,-1.1383867,-0.23035455,0,58048,1475566004456,3
1,Linearaccel,-0.08928555,-1.0059834,-0.2038548,0,58098,1475566004506,3
1,Linearaccel,-0.06405127,-0.8382282,-0.28081656,0,58149,1475566004557,3
1,Linearaccel,-0.06291717,-0.63410187,-0.32727408,0,58199,1475566004607,3
1,Linearaccel,-0.04183197,-0.70070076,-0.31338763,0,58249,1475566004657,3
1,Linearaccel,-0.010298371,-0.6820774,-0.26682115,0,58300,1475566004708,3
1,Linearaccel,0.013828933,-0.7994127,-0.20822024,0,58350,1475566004758,3
1,Linearaccel,-0.055883706,-0.38951778,-0.08659434,0,58401,1475566004809,3
1,Linearaccel,-0.061962306,-0.49209213,-0.10320306,0,58451,1475566004859,3
1,Linearaccel,0.036417842,-0.422287,-0.024131775,0,58501,1475566004909,3
1,Linearaccel,0.022327363,-0.5415783,-0.12767243,0,58552,1475566004960,3
1,Linearaccel,0.00426358,-0.3927412,2.48909E-4,0,58602,1475566005010,3
1,Linearaccel,-0.072045505,-0.3308878,-0.11576152,0,58652,1475566005060,3
1,Linearaccel,-0.11082184,-0.30035973,-0.06441331,0,58703,1475566005111,3
1,Linearaccel,-0.07330924,-0.26517105,-0.080541134,0,58753,1475566005161,3
1,Linearaccel,-0.07066482,-0.31450558,-0.11700082,0,58803,1475566005211,3
1,Linearaccel,-1.10924244E-4,-0.22889423,-0.029819012,0,58854,1475566005262,3
1,Linearaccel,0.010335028,-0.22361088,0.028394222,0,58904,1475566005312,3
1,Linearaccel,0.028756618,-0.19259071,0.057451487,0,58954,1475566005362,3
1,Linearaccel,0.03579527,-0.21288109,0.01834178,0,59005,1475566005413,3
1,Linearaccel,0.02250129,-0.1441288,0.026005268,0,59055,1475566005463,3
1,Linearaccel,-0.020054102,-0.10476875,-0.02957344,0,59106,1475566005514,3
1,Linearaccel,-0.06766349,-0.14072132,-0.019658089,0,59156,1475566005564,3
1,Linearaccel,-0.10708749,-0.20038605,-0.07964563,0,59206,1475566005614,3
1,Linearaccel,-0.039999306,-0.21271801,-0.019347668,0,59257,1475566005665,3
1,Linearaccel,-0.03218651,-0.13411999,-0.02725172,0,59307,1475566005715,3
1,Linearaccel,-0.084406674,-0.048347473,-0.01723075,0,59357,1475566005765,3
1,Linearaccel,-0.034388542,-0.009180069,0.003017664,0,59408,1475566005816,3
1,Linearaccel,-0.027290702,-0.1772747,0.028737783,0,59458,1475566005866,3
1,Linearaccel,0.013843775,-0.13120174,-0.004091978,0,59508,1475566005916,3
1,Linearaccel,0.008461952,-0.06494713,-0.04750395,0,59559,1475566005967,3
1,Linearaccel,-0.09155035,-0.01763153,-0.052631617,0,59609,1475566006017,3
1,Linearaccel,-0.08086306,-0.041384697,-0.022923708,0,59659,1475566006067,3
1,Linearaccel,-0.06057465,-0.15157032,-0.09885311,0,59710,1475566006118,3
1,Linearaccel,-0.0061371326,-0.07422638,-0.016556025,0,59760,1475566006168,3
1,Linearaccel,0.028854728,-0.077955246,-0.060558558,0,59810,1475566006218,3
1,Linearaccel,-0.029555976,0.022737503,-0.055956125,0,59861,1475566006269,3
1,Linearaccel,-0.03741932,-0.097047806,-0.089639425,0,59911,1475566006319,3
1,Linearaccel,-0.019478202,-0.09382248,-0.07745087,0,59962,1475566006370,3
1,Linearaccel,0.026954174,-0.122449875,-0.06934452,0,60012,1475566006420,3
1,Linearaccel,-0.048852026,0.10979462,-0.033940434,0,60062,1475566006470,3
1,Linearaccel,0.021522343,-0.13386059,-0.09715915,0,60113,1475566006521,3
1,Linearaccel,0.004941702,0.0023469925,-0.02654624,0,60163,1475566006571,3
1,Linearaccel,-0.04543352,-0.046239853,-0.062163234,0,60213,1475566006621,3
1,Linearaccel,0.016576767,-0.0038881302,-0.00258255,0,60264,1475566006672,3
1,Linearaccel,0.0631935,0.0038290024,-0.0044709444,0,60314,1475566006722,3
1,Linearaccel,0.013673067,0.0037221909,0.027906418,0,60364,1475566006772,3
1,Linearaccel,-0.009422183,-0.05582905,-0.01595068,0,60415,1475566006823,3
1,Linearaccel,-0.0021070838,0.16198063,0.039580584,0,60465,1475566006873,3
1,Linearaccel,-0.038624704,-0.044908524,-0.04634571,0,60515,1475566006923,3
1,Linearaccel,-0.014041066,-0.03679371,0.01612091,0,60566,1475566006974,3
1,Linearaccel,0.01388514,-0.14224434,0.031185627,0,60616,1475566007024,3
1,Linearaccel,-0.074495494,-0.018034935,0.009351969,0,60666,1475566007074,3
1,Linearaccel,-0.02856201,-0.008806229,0.04637623,0,60717,1475566007125,3
1,Linearaccel,-0.061246514,0.107993126,0.011053562,0,60767,1475566007175,3
1,Linearaccel,-0.04006976,-0.028149605,0.014741182,0,60818,1475566007226,3
1,Linearaccel,-0.021282673,0.004483223,-0.095544815,0,60868,1475566007276,3
1,Linearaccel,-0.0511626,-0.036540985,-0.06410313,0,60918,1475566007326,3
1,Linearaccel,-0.043131292,0.026908875,-0.027673483,0,60969,1475566007377,3
1,Linearaccel,-0.06534177,-0.031000137,0.056379795,0,61019,1475566007427,3
1,Linearaccel,-0.09179729,0.008834839,0.09669018,0,61069,1475566007477,3
1,Linearaccel,-0.070729494,-0.023246765,0.025551558,0,61120,1475566007528,3
1,Linearaccel,-0.006788552,-0.10506344,0.05250621,0,61170,1475566007578,3
1,Linearaccel,0.031505585,0.025309563,0.01954937,0,61220,1475566007628,3
1,Linearaccel,0.03469968,0.08726406,0.033082247,0,61271,1475566007679,3
1,Linearaccel,-0.0062062144,-0.08693886,-6.2441826E-4,0,61321,1475566007729,3
1,Linearaccel,0.0051398277,-0.020831108,0.05086708,0,61371,1475566007779,3
1,Linearaccel,-0.044254363,0.16273308,0.035693645,0,61422,1475566007830,3
1,Linearaccel,-0.06683576,0.041282654,0.00758934,0,61472,1475566007880,3
1,Linearaccel,-0.023064733,-0.15498066,-0.041791916,0,61523,1475566007931,3
1,Linearaccel,-0.04359734,-0.06755924,0.010430813,0,61573,1475566007981,3
1,Linearaccel,-0.05097431,0.034230232,0.032679796,0,61623,1475566008031,3
1,Linearaccel,-0.0371601,0.09096432,0.058987856,0,61674,1475566008082,3
1,Linearaccel,0.004732311,0.0026454926,0.05218625,0,61724,1475566008132,3
1,Linearaccel,0.039533854,-0.012046814,0.027125597,0,61774,1475566008182,3
1,Linearaccel,-0.008618474,0.04923725,-0.050738335,0,61825,1475566008233,3
1,Linearaccel,-0.026633918,0.02422905,-0.077329874,0,61875,1475566008283,3
1,Linearaccel,6.456375E-4,-0.081100464,-0.087789774,0,61925,1475566008333,3
1,Linearaccel,0.06535339,-0.1439867,-0.0039007664,0,61976,1475566008384,3
1,Linearaccel,-0.012065351,0.008563995,0.03782749,0,62026,1475566008434,3
1,Linearaccel,-0.028452396,0.18268967,0.071605206,0,62076,1475566008484,3
1,Linearaccel,-0.10753393,-0.0028734207,0.08518219,0,62127,1475566008535,3
1,Linearaccel,-0.023004413,-0.0935173,0.029046059,0,62177,1475566008585,3
1,Linearaccel,-0.041121602,-0.12891293,0.025585175,0,62227,1475566008635,3
1,Linearaccel,-0.05068165,0.06792259,-0.021722555,0,62278,1475566008686,3
1,Linearaccel,0.0015853047,0.056467056,-0.04683876,0,62328,1475566008736,3
1,Linearaccel,-0.051755667,0.024980545,-0.05867672,0,62379,1475566008787,3
1,Linearaccel,-0.01284802,-0.11177349,-0.08974528,0,62429,1475566008837,3
1,Linearaccel,-0.016082823,-0.053606033,-0.043725252,0,62479,1475566008887,3
1,Linearaccel,-0.03761542,0.016021729,-0.057189226,0,62530,1475566008938,3
1,Linearaccel,-0.008870482,0.041648865,-0.015222788,0,62580,1475566008988,3
1,Linearaccel,0.0053241253,-0.06200409,-0.0140093565,0,62630,1475566009038,3
1,Linearaccel,0.04244691,-0.059973717,0.04834318,0,62681,1475566009089,3
1,Linearaccel,0.021129012,0.041677475,0.04979682,0,62731,1475566009139,3
1,Linearaccel,-0.03816521,0.106814384,-0.025311947,0,62781,1475566009189,3
1,Linearaccel,-0.101674795,-0.023983002,-0.012389421,0,62832,1475566009240,3
1,Linearaccel,-0.07119489,-0.044467926,-0.0041668415,0,62882,1475566009290,3
1,Linearaccel,-0.017739832,-0.06107521,1.3709068E-4,0,62932,1475566009340,3
1,Linearaccel,0.028457582,0.049337387,-0.014033794,0,62983,1475566009391,3
1,Linearaccel,-0.002236247,0.062345505,0.031752348,0,63033,1475566009441,3
1,Linearaccel,-0.01716739,-0.05091095,-0.054367304,0,63083,1475566009491,3
1,Linearaccel,-0.043849945,-0.01615429,-0.03647721,0,63134,1475566009542,3
1,Linearaccel,-0.040059686,0.0065336227,0.00906384,0,63184,1475566009592,3
1,Linearaccel,-0.07395834,0.19276428,0.032061815,0,63235,1475566009643,3
1,Linearaccel,-0.033313453,-0.073571205,-0.032123685,0,63285,1475566009693,3
1,Linearaccel,0.043008924,-0.09835529,0.055931807,0,63335,1475566009743,3
1,Linearaccel,0.08368081,-0.12366581,0.019960642,0,63386,1475566009794,3
1,Linearaccel,0.044213235,0.1566658,0.08570063,0,63436,1475566009844,3
1,Linearaccel,-0.06296885,0.039265633,0.038134217,0,63486,1475566009894,3
1,Linearaccel,-0.056735694,-0.021443367,-0.004529834,0,63537,1475566009945,3
1,Linearaccel,-0.04038167,-0.10185528,-0.07927632,0,63587,1475566009995,3
1,Linearaccel,-0.023457408,0.037721634,-0.124040365,0,63637,1475566010045,3
1,Linearaccel,-0.036616027,0.15777016,-0.10728288,0,63688,1475566010096,3
1,Linearaccel,-0.049674988,-0.016547203,-0.088668585,0,63738,1475566010146,3
1,Linearaccel,0.008805215,-0.08584976,8.690357E-5,0,63788,1475566010196,3
1,Linearaccel,-0.042666137,-0.032299995,0.066140294,0,63839,1475566010247,3
1,Linearaccel,0.017347336,-0.006529808,0.040932536,0,63889,1475566010297,3
1,Linearaccel,0.05505669,0.023509026,0.0842247,0,63939,1475566010347,3
1,Linearaccel,0.047973692,0.057860374,0.026978493,0,63990,1475566010398,3
1,Linearaccel,0.031954706,-0.0044937134,0.05175793,0,64040,1475566010448,3
1,Linearaccel,0.032989204,-0.009908676,-0.030443788,0,64091,1475566010499,3
1,Linearaccel,-0.075027764,0.0928545,-0.041443706,0,64141,1475566010549,3
1,Linearaccel,-0.086886585,8.468628E-4,-0.005436182,0,64191,1475566010599,3
1,Linearaccel,-0.018957973,-0.1637497,-0.029886127,0,64242,1475566010650,3
1,Linearaccel,0.02566719,0.024098396,0.039939404,0,64292,1475566010700,3
1,Linearaccel,0.008732557,0.041389465,0.055428028,0,64342,1475566010750,3
1,Linearaccel,-0.07324535,0.043782234,0.07443321,0,64393,1475566010801,3
1,Linearaccel,-0.10051441,-0.011330605,-0.018838763,0,64443,1475566010851,3
1,Linearaccel,-0.018761933,-0.05991459,-0.048998713,0,64493,1475566010901,3
1,Linearaccel,-0.0028539896,-0.09814644,-0.08448708,0,64544,1475566010952,3
1,Linearaccel,0.02128768,0.092508316,-0.051009297,0,64594,1475566011002,3
1,Linearaccel,-0.01977551,0.07816887,-0.08036053,0,64644,1475566011052,3
1,Linearaccel,-0.0583691,-0.06352043,-0.05248511,0,64695,1475566011103,3
1,Linearaccel,-0.038161814,-0.0920763,0.026801825,0,64745,1475566011153,3
1,Linearaccel,-0.05049056,0.002688408,0.032163024,0,64796,1475566011204,3
1,Linearaccel,-0.04636872,0.0070323944,0.08166313,0,64846,1475566011254,3
1,Linearaccel,-0.032336235,-0.03601265,0.004736662,0,64896,1475566011304,3
1,Linearaccel,0.01684779,-0.0012187958,0.017761946,0,64947,1475566011355,3
1,Linearaccel,0.027872384,-0.019302368,0.009335637,0,64997,1475566011405,3
1,Linearaccel,-0.009367287,0.023953438,0.0011324883,0,65047,1475566011455,3
1,Linearaccel,0.015468478,0.05960369,-0.033845544,0,65098,1475566011506,3
1,Linearaccel,-0.070274055,0.0069847107,0.0041856766,0,65148,1475566011556,3
1,Linearaccel,-0.038467884,-0.002216339,0.003823042,0,65198,1475566011606,3
1,Linearaccel,-0.0727309,-0.052464485,-0.017010331,0,65249,1475566011657,3
1,Linearaccel,-0.051998258,0.0613575,-0.0022449493,0,65299,1475566011707,3
1,Linearaccel,-0.005702436,0.03528309,-0.036998868,0,65349,1475566011757,3
1,Linearaccel,0.032179475,-0.039401054,-0.01843059,0,65400,1475566011808,3
1,Linearaccel,0.0056967735,0.037161827,-0.014366746,0,65450,1475566011858,3
1,Linearaccel,0.026062429,-0.076955795,0.031004548,0,65500,1475566011908,3
1,Linearaccel,-0.009375393,0.0070209503,-0.010611534,0,65551,1475566011959,3
1,Linearaccel,-0.024268508,0.0768795,0.048813105,0,65601,1475566012009,3
1,Linearaccel,-0.018270731,-0.016113281,-0.010884404,0,65652,1475566012060,3
1,Linearaccel,-0.0085270405,-0.14019585,0.014390469,0,65702,1475566012110,3
1,Linearaccel,0.008613586,0.017838478,0.06597924,0,65752,1475566012160,3
1,Linearaccel,-0.013196409,0.08817673,0.0327214,0,65803,1475566012211,3
1,Linearaccel,-0.014937162,-0.02416706,0.0171448,0,65853,1475566012261,3
1,Linearaccel,-0.0049008727,-0.022236824,0.008104324,0,65903,1475566012311,3
1,Linearaccel,0.023593307,0.049693108,-0.03785038,0,65954,1475566012362,3
1,Linearaccel,-0.041287184,0.016012192,-0.008851647,0,66004,1475566012412,3
1,Linearaccel,-0.0033365488,0.011334419,-0.0058175325,0,66054,1475566012462,3
1,Linearaccel,-0.06199187,0.026640892,0.0017956495,0,66105,1475566012513,3
1,Linearaccel,-0.07916474,-0.052017212,0.059068084,0,66155,1475566012563,3
1,Linearaccel,-0.036900282,-0.03905487,-0.020443797,0,66205,1475566012613,3
1,Linearaccel,-0.042375803,0.012928963,-0.018063426,0,66256,1475566012664,3
1,Linearaccel,0.01996106,-0.002005577,-0.036819696,0,66306,1475566012714,3
1,Linearaccel,0.026784837,-0.0029306412,-0.05347812,0,66357,1475566012765,3
1,Linearaccel,0.016092002,0.059919357,-0.05662155,0,66407,1475566012815,3
1,Linearaccel,-0.0076375008,0.05769062,-0.019239068,0,66457,1475566012865,3
1,Linearaccel,-0.0010501742,-0.13642788,0.017650962,0,66508,1475566012916,3
1,Linearaccel,-0.030668974,0.043596268,0.0099589825,0,66558,1475566012966,3
1,Linearaccel,-0.029283643,0.029107094,0.022333026,0,66608,1475566013016,3
1,Linearaccel,-0.019709468,0.029372215,0.020718575,0,66659,1475566013067,3
1,Linearaccel,-0.039000988,-0.029058456,0.037700176,0,66709,1475566013117,3
1,Linearaccel,-0.010791004,-0.012467384,0.001175642,0,66759,1475566013167,3
1,Linearaccel,0.022195876,0.004802704,0.034428358,0,66810,1475566013218,3
1,Linearaccel,0.0067934394,0.016871452,0.06790161,0,66860,1475566013268,3
1,Linearaccel,-0.04054469,0.07169819,0.058693886,0,66910,1475566013318,3
1,Linearaccel,-0.10060221,0.0059452057,0.07334626,0,66961,1475566013369,3
1,Linearaccel,-0.059432328,-0.071284294,0.079663634,0,67011,1475566013419,3
1,Linearaccel,-0.07602888,0.11722088,0.085843325,0,67061,1475566013469,3
1,Linearaccel,-0.1584636,0.31289387,-0.20435941,0,67112,1475566013520,3
