tag, type, x, y, z, ad1, time, real_time, acc
1,Linearaccel,-0.39860106,-0.27965856,0.23007584,0,0,1475565875769,3
1,Linearaccel,-0.45817327,-0.10589218,0.1427927,0,50,1475565875819,3
1,Linearaccel,-0.593215,-0.36223173,-0.09648228,0,101,1475565875870,3
1,Linearaccel,-0.52833414,-0.19787526,0.14550877,0,151,1475565875920,3
1,Linearaccel,-0.42972517,-0.52782845,0.01849842,0,201,1475565875970,3
1,Linearaccel,-0.19680166,-0.24066544,0.1381731,0,252,1475565876021,3
1,Linearaccel,-0.20141172,-0.20482373,-0.058190346,0,302,1475565876071,3
1,Linearaccel,-0.23058558,-0.17581868,0.034142494,0,352,1475565876121,3
1,Linearaccel,-0.019990444,-0.08420205,-0.17358685,0,403,1475565876172,3
1,Linearaccel,0.010601997,0.2543528,-0.26440907,0,453,1475565876222,3
1,Linearaccel,0.029463768,0.6648636,-0.8155494,0,504,1475565876273,3
1,Linearaccel,-0.11813927,0.9403777,-1.0946965,0,554,1475565876323,3
1,Linearaccel,0.32162666,1.2591231,-0.8667717,0,604,1475565876373,3
1,Linearaccel,0.58695316,1.3382485,-1.4383979,0,655,1475565876424,3
1,Linearaccel,0.82208395,1.5436673,-0.55578756,0,705,1475565876474,3
1,Linearaccel,0.8161349,1.4825561,-0.18872976,0,755,1475565876524,3
1,Linearaccel,0.6303091,-0.035562992,-1.0771208,0,806,1475565876575,3
1,Linearaccel,0.065398216,-1.0245461,-0.6569443,0,856,1475565876625,3
1,Linearaccel,-0.07176638,-1.0100427,0.034389496,0,906,1475565876675,3
1,Linearaccel,-0.1028204,-2.1802213,0.1451025,0,957,1475565876726,3
1,Linearaccel,-0.009897232,-2.5202582,0.1578722,0,1007,1475565876776,3
1,Linearaccel,0.29393578,-2.808265,0.26898813,0,1057,1475565876826,3
1,Linearaccel,0.4737835,-2.60958,0.28135633,0,1108,1475565876877,3
1,Linearaccel,0.6451168,-2.2373087,0.11977625,0,1158,1475565876927,3
1,Linearaccel,0.97309875,-2.1814878,0.19638133,0,1208,1475565876977,3
1,Linearaccel,-0.2912693,-2.045441,0.12887609,0,1259,1475565877028,3
1,Linearaccel,-0.6820574,-1.7862537,-0.05588293,0,1309,1475565877078,3
1,Linearaccel,-0.097353935,-1.5539982,0.27385557,0,1360,1475565877129,3
1,Linearaccel,0.6387148,-0.8762982,0.3275622,0,1410,1475565877179,3
1,Linearaccel,0.8032656,-0.6338618,0.15141058,0,1460,1475565877229,3
1,Linearaccel,1.0864725,0.37085342,0.05520451,0,1511,1475565877280,3
1,Linearaccel,0.6178808,1.0523105,-0.21458137,0,1561,1475565877330,3
1,Linearaccel,0.6530638,1.8023357,-0.70426035,0,1611,1475565877380,3
1,Linearaccel,1.2694988,2.6873417,-0.9028981,0,1662,1475565877431,3
1,Linearaccel,1.062088,3.482049,-0.9684019,0,1712,1475565877481,3
1,Linearaccel,1.2830577,3.8134437,-0.8686173,0,1762,1475565877531,3
1,Linearaccel,1.696322,3.6560402,-0.8517089,0,1813,1475565877582,3
1,Linearaccel,2.450553,3.340736,-0.7906225,0,1863,1475565877632,3
1,Linearaccel,2.6111302,3.0506382,-0.6720433,0,1913,1475565877682,3
1,Linearaccel,0.6194482,2.6350694,-0.5485711,0,1964,1475565877733,3
1,Linearaccel,0.45131683,1.6832066,-0.75242996,0,2014,1475565877783,3
1,Linearaccel,1.2076473,0.93102074,-0.5527406,0,2065,1475565877834,3
1,Linearaccel,1.1101418,0.2838366,-0.1921004,0,2115,1475565877884,3
1,Linearaccel,-0.016449928,-0.83133745,-0.22397172,0,2165,1475565877934,3
1,Linearaccel,-1.042572,-1.9602323,-0.2619772,0,2216,1475565877985,3
1,Linearaccel,-0.9957533,-2.6289492,-0.2005266,0,2266,1475565878035,3
1,Linearaccel,-0.7782879,-3.1256337,0.043480396,0,2316,1475565878085,3
1,Linearaccel,-0.44332886,-3.4613492,0.16239583,0,2367,1475565878136,3
1,Linearaccel,0.43512535,-3.8248599,0.42174578,0,2417,1475565878186,3
1,Linearaccel,1.3190432,-3.535424,0.69328177,0,2467,1475565878236,3
1,Linearaccel,2.8729181,-2.7592888,1.4538748,0,2518,1475565878287,3
1,Linearaccel,-0.8235483,-1.0595195,1.772952,0,2568,1475565878337,3
1,Linearaccel,-0.4508009,-0.8185717,1.9733219,0,2618,1475565878387,3
1,Linearaccel,0.8481798,-0.017295122,1.1042974,0,2669,1475565878438,3
1,Linearaccel,1.4534483,1.2123086,0.87130165,0,2719,1475565878488,3
1,Linearaccel,1.1568165,1.3972986,0.37597084,0,2769,1475565878538,3
1,Linearaccel,1.5367632,2.3947477,-0.26272798,0,2820,1475565878589,3
1,Linearaccel,1.4711723,3.2034235,-0.47907913,0,2870,1475565878639,3
1,Linearaccel,1.1932988,3.8507051,-0.8130834,0,2921,1475565878690,3
1,Linearaccel,1.0020103,4.296701,-1.2625921,0,2971,1475565878740,3
1,Linearaccel,1.5774198,4.0901814,-1.2236164,0,3021,1475565878790,3
1,Linearaccel,1.9387808,3.7753162,-1.4425144,0,3072,1475565878841,3
1,Linearaccel,2.7109127,2.8600926,-1.2881866,0,3122,1475565878891,3
1,Linearaccel,3.758119,2.2835693,-1.0604556,0,3172,1475565878941,3
1,Linearaccel,1.5416398,2.2061977,-0.43532443,0,3223,1475565878992,3
1,Linearaccel,0.06932306,1.398509,-0.2307074,0,3273,1475565879042,3
1,Linearaccel,1.1097002,0.7211766,-0.23731947,0,3323,1475565879092,3
1,Linearaccel,1.0540695,0.8405585,-0.0895139,0,3374,1475565879143,3
1,Linearaccel,-0.20720291,0.2895043,-0.13556838,0,3424,1475565879193,3
1,Linearaccel,-0.73633766,-0.949317,-0.16941655,0,3474,1475565879243,3
1,Linearaccel,-0.35216522,-1.7666595,-0.48770976,0,3525,1475565879294,3
1,Linearaccel,-0.14242554,-2.3788521,-0.21111679,0,3575,1475565879344,3
1,Linearaccel,-0.3481512,-3.4293685,-0.21785092,0,3625,1475565879394,3
1,Linearaccel,0.33283043,-4.0401864,-0.08522606,0,3676,1475565879445,3
1,Linearaccel,0.31949234,-4.055117,0.27560616,0,3726,1475565879495,3
1,Linearaccel,1.8260212,-4.059726,0.72495496,0,3777,1475565879546,3
1,Linearaccel,0.030424118,-3.1941285,0.5364697,0,3827,1475565879596,3
1,Linearaccel,-1.4686918,-2.215485,0.5307863,0,3877,1475565879646,3
1,Linearaccel,0.45610428,-1.4549723,0.5093893,0,3928,1475565879697,3
1,Linearaccel,1.144043,-0.1871016,0.5415757,0,3978,1475565879747,3
1,Linearaccel,0.18664265,0.5907645,0.23528528,0,4028,1475565879797,3
1,Linearaccel,0.22519875,0.9507289,-0.20628321,0,4079,1475565879848,3
1,Linearaccel,0.3701086,1.7722359,-0.21699822,0,4129,1475565879898,3
1,Linearaccel,0.13645172,2.0329337,-0.32641363,0,4179,1475565879948,3
1,Linearaccel,0.4749565,2.5450163,-0.5089886,0,4230,1475565879999,3
1,Linearaccel,0.72441673,2.911673,-0.48729134,0,4280,1475565880049,3
1,Linearaccel,1.1615796,2.8172812,-0.5267308,0,4330,1475565880099,3
1,Linearaccel,1.7664819,2.7063308,-0.25010395,0,4381,1475565880150,3
1,Linearaccel,2.841216,2.5385852,-0.31257558,0,4431,1475565880200,3
1,Linearaccel,2.6946993,2.4231148,-0.15859985,0,4482,1475565880251,3
1,Linearaccel,0.14332771,2.5733476,0.017450571,0,4532,1475565880301,3
1,Linearaccel,0.5477371,0.98877907,-0.03162408,0,4582,1475565880351,3
1,Linearaccel,0.62075424,0.6151147,0.05576241,0,4633,1475565880402,3
1,Linearaccel,-0.27989578,0.56479216,0.37798584,0,4683,1475565880452,3
1,Linearaccel,-0.765048,-0.36816168,0.36455202,0,4733,1475565880502,3
1,Linearaccel,-1.1689739,-1.0658822,0.5113511,0,4784,1475565880553,3
1,Linearaccel,-0.85828495,-1.3573344,0.6034905,0,4834,1475565880603,3
1,Linearaccel,-0.7144308,-1.9448919,0.84159887,0,4884,1475565880653,3
1,Linearaccel,-0.3935051,-2.3547833,0.5978328,0,4935,1475565880704,3
1,Linearaccel,0.2921543,-2.418713,0.4763503,0,4985,1475565880754,3
1,Linearaccel,0.16160297,-2.4800205,0.1948421,0,5035,1475565880804,3
1,Linearaccel,1.631238,-2.8387308,0.13174832,0,5086,1475565880855,3
1,Linearaccel,1.9662342,-2.462215,0.23835433,0,5136,1475565880905,3
1,Linearaccel,-1.6212215,-1.5556023,-0.26560593,0,5186,1475565880955,3
1,Linearaccel,-0.52214813,-1.4783881,-0.32631087,0,5237,1475565881006,3
1,Linearaccel,0.37098408,-0.5164602,-0.517797,0,5287,1475565881056,3
1,Linearaccel,0.6454735,0.20858812,-0.50863016,0,5338,1475565881107,3
1,Linearaccel,0.029360771,0.6206498,-0.86624944,0,5388,1475565881157,3
1,Linearaccel,0.3758421,1.1543002,-0.83789563,0,5438,1475565881207,3
1,Linearaccel,0.103479385,2.042656,-1.0424027,0,5489,1475565881258,3
1,Linearaccel,0.35733032,2.2807903,-0.9371928,0,5539,1475565881308,3
1,Linearaccel,0.71207666,2.7044659,-1.1269989,0,5589,1475565881358,3
1,Linearaccel,1.2368546,2.6646652,-0.63636255,0,5640,1475565881409,3
1,Linearaccel,1.6606779,2.6231961,-0.4774196,0,5690,1475565881459,3
1,Linearaccel,2.3712664,2.1399884,-0.29090762,0,5740,1475565881509,3
1,Linearaccel,3.015204,1.8091207,-0.11511421,0,5791,1475565881560,3
1,Linearaccel,0.0801239,1.8191323,-0.056075454,0,5841,1475565881610,3
1,Linearaccel,-0.22565365,1.0310063,0.0792284,0,5891,1475565881660,3
1,Linearaccel,0.6804514,0.73132277,-0.0153672695,0,5942,1475565881711,3
1,Linearaccel,-0.19527245,0.88937473,0.0118505955,0,5992,1475565881761,3
1,Linearaccel,-0.95641327,0.057049274,0.03418553,0,6042,1475565881811,3
1,Linearaccel,-1.1182909,-0.82979655,-0.09465134,0,6093,1475565881862,3
1,Linearaccel,-0.793622,-1.1405041,0.2822858,0,6143,1475565881912,3
1,Linearaccel,-0.6335964,-1.6535122,0.45316958,0,6194,1475565881963,3
1,Linearaccel,-0.1770916,-2.3932996,0.43841887,0,6244,1475565882013,3
1,Linearaccel,-0.12295532,-2.6741962,0.28288877,0,6294,1475565882063,3
1,Linearaccel,0.6128826,-2.6995106,0.22558236,0,6345,1475565882114,3
1,Linearaccel,2.7955408,-2.8143044,0.12543845,0,6395,1475565882164,3
1,Linearaccel,0.19565105,-1.7787573,-0.19101167,0,6445,1475565882214,3
1,Linearaccel,-1.6203251,-1.3844414,-0.73322344,0,6496,1475565882265,3
1,Linearaccel,0.2267046,-1.12061,-1.0901932,0,6546,1475565882315,3
1,Linearaccel,0.8296175,-0.118756056,-1.0022851,0,6596,1475565882365,3
1,Linearaccel,0.054771423,0.46834755,-0.7124727,0,6647,1475565882416,3
1,Linearaccel,-0.28579712,0.21772146,-1.0025271,0,6697,1475565882466,3
1,Linearaccel,0.015381813,0.97415733,-1.0395479,0,6747,1475565882516,3
1,Linearaccel,-0.101161,1.6532669,-1.0098603,0,6798,1475565882567,3
1,Linearaccel,0.29218864,2.0279717,-1.0309424,0,6848,1475565882617,3
1,Linearaccel,0.7689233,2.3299203,-1.0903337,0,6898,1475565882667,3
1,Linearaccel,1.5543351,2.258494,-0.86913824,0,6949,1475565882718,3
1,Linearaccel,1.8595386,2.122263,-0.56350636,0,6999,1475565882768,3
1,Linearaccel,3.332313,1.7084312,-0.3130467,0,7050,1475565882819,3
1,Linearaccel,1.4932985,1.8526669,0.07312727,0,7100,1475565882869,3
1,Linearaccel,-1.0695934,1.6817675,-0.1139853,0,7150,1475565882919,3
1,Linearaccel,0.21271896,0.50115395,-0.2831583,0,7201,1475565882970,3
1,Linearaccel,0.75774574,0.5947511,-0.28570104,0,7251,1475565883020,3
1,Linearaccel,-0.58359814,0.42816877,-0.030966997,0,7301,1475565883070,3
1,Linearaccel,-1.1570082,-0.52124596,-0.3182664,0,7352,1475565883121,3
1,Linearaccel,-1.1601162,-0.8712039,-0.28866458,0,7402,1475565883171,3
1,Linearaccel,-0.7766056,-1.4242256,-0.09554434,0,7452,1475565883221,3
1,Linearaccel,-0.28910065,-2.0927022,-0.15993786,0,7503,1475565883272,3
1,Linearaccel,0.19678307,-2.4529018,-0.094382286,0,7553,1475565883322,3
1,Linearaccel,0.19552135,-2.460731,0.0347445,0,7603,1475565883372,3
1,Linearaccel,2.156497,-3.0497477,-0.08560538,0,7654,1475565883423,3
1,Linearaccel,1.974741,-2.390481,0.12021613,0,7704,1475565883473,3
1,Linearaccel,-1.6023293,-1.8526559,-0.53625035,0,7755,1475565883524,3
1,Linearaccel,-0.094703674,-2.0241637,-0.71829224,0,7805,1475565883574,3
1,Linearaccel,0.5888796,-0.7002969,-0.8230976,0,7855,1475565883624,3
1,Linearaccel,-0.23478699,0.23387742,-0.8261416,0,7906,1475565883675,3
1,Linearaccel,-0.15986443,0.77454257,-1.0996032,0,7956,1475565883725,3
1,Linearaccel,0.019514084,1.0385165,-1.3422642,0,8006,1475565883775,3
1,Linearaccel,0.07706547,1.8228478,-1.3145711,0,8057,1475565883826,3
1,Linearaccel,0.27757263,2.0567656,-1.211232,0,8107,1475565883876,3
1,Linearaccel,0.7591562,2.2048774,-1.0570924,0,8157,1475565883926,3
1,Linearaccel,1.319705,2.0931258,-0.9222536,0,8208,1475565883977,3
1,Linearaccel,1.8254013,1.932611,-0.5582659,0,8258,1475565884027,3
1,Linearaccel,3.026606,1.6053338,-0.37902236,0,8308,1475565884077,3
1,Linearaccel,1.810319,1.5307555,-0.11791539,0,8359,1475565884128,3
1,Linearaccel,-0.35788345,1.5581574,-0.20858097,0,8409,1475565884178,3
1,Linearaccel,0.51426697,0.4152031,-0.19188952,0,8459,1475565884228,3
1,Linearaccel,0.38039684,0.58248377,-0.17500687,0,8510,1475565884279,3
1,Linearaccel,-0.7869282,0.20337486,-0.05778432,0,8560,1475565884329,3
1,Linearaccel,-1.1303844,-0.56006527,-0.086208105,0,8611,1475565884380,3
1,Linearaccel,-1.379961,-1.1002965,-0.10594678,0,8661,1475565884430,3
1,Linearaccel,-0.9108076,-1.3953791,0.24315023,0,8711,1475565884480,3
1,Linearaccel,-0.5663452,-2.0297747,0.10744381,0,8762,1475565884531,3
1,Linearaccel,0.15370274,-2.4415698,0.012837172,0,8812,1475565884581,3
1,Linearaccel,0.40711594,-2.3941135,-0.047718525,0,8862,1475565884631,3
1,Linearaccel,1.521863,-2.6448903,-0.13203609,0,8913,1475565884682,3
1,Linearaccel,2.2322474,-2.5557218,0.08837128,0,8963,1475565884732,3
1,Linearaccel,-1.4074411,-1.5908638,-0.56656706,0,9013,1475565884782,3
1,Linearaccel,-0.15502548,-1.9104936,-0.7008724,0,9064,1475565884833,3
1,Linearaccel,1.0579529,-0.78216434,-1.0125087,0,9114,1475565884883,3
1,Linearaccel,0.22503185,0.24953651,-0.80199337,0,9164,1475565884933,3
1,Linearaccel,0.07708454,0.32870913,-1.070678,0,9215,1475565884984,3
1,Linearaccel,0.13631153,1.0676057,-1.3383853,0,9265,1475565885034,3
1,Linearaccel,-0.15890789,1.7792416,-1.3106134,0,9315,1475565885084,3
1,Linearaccel,-0.08116341,2.071414,-1.1982946,0,9366,1475565885135,3
1,Linearaccel,0.33821964,2.3041573,-1.0741799,0,9416,1475565885185,3
1,Linearaccel,1.2594132,2.2919335,-0.837461,0,9467,1475565885236,3
1,Linearaccel,1.8918262,2.1344686,-0.5090804,0,9517,1475565885286,3
1,Linearaccel,3.6175656,1.6572852,-0.29505658,0,9567,1475565885336,3
1,Linearaccel,1.6823587,1.6904664,-0.13226795,0,9618,1475565885387,3
1,Linearaccel,-0.64101505,1.5585694,-0.01043272,0,9668,1475565885437,3
1,Linearaccel,0.7594576,0.32267857,-0.31053948,0,9718,1475565885487,3
1,Linearaccel,0.74681187,0.47967792,-0.19363809,0,9769,1475565885538,3
1,Linearaccel,-1.0584583,0.14955854,0.010507822,0,9819,1475565885588,3
1,Linearaccel,-1.3763428,-0.9940002,-0.22364187,0,9869,1475565885638,3
1,Linearaccel,-1.1364775,-1.0822926,-0.026190042,0,9920,1475565885689,3
1,Linearaccel,-0.7925205,-1.4034164,0.3304608,0,9970,1475565885739,3
1,Linearaccel,-0.5844002,-2.1561341,0.2587571,0,10020,1475565885789,3
1,Linearaccel,0.007920265,-2.470037,0.31364036,0,10071,1475565885840,3
1,Linearaccel,0.49058914,-2.2962356,0.16837478,0,10121,1475565885890,3
1,Linearaccel,1.3788204,-2.3756528,0.046165586,0,10172,1475565885941,3
1,Linearaccel,2.1901932,-2.0390701,0.09370494,0,10222,1475565885991,3
1,Linearaccel,-0.95597744,-1.2045646,-0.3458736,0,10272,1475565886041,3
1,Linearaccel,-0.63526535,-1.2707782,-0.66114116,0,10323,1475565886092,3
1,Linearaccel,1.3883123,-0.42802858,-0.72315884,0,10373,1475565886142,3
1,Linearaccel,0.6947613,0.96422696,-0.7463653,0,10423,1475565886192,3
1,Linearaccel,-0.30340385,0.9137175,-0.6932682,0,10474,1475565886243,3
1,Linearaccel,0.16113472,1.3981457,-1.062269,0,10524,1475565886293,3
1,Linearaccel,-0.33082485,1.7154408,-1.174254,0,10574,1475565886343,3
1,Linearaccel,-0.16438103,1.9749961,-0.9091797,0,10625,1475565886394,3
1,Linearaccel,-0.03499174,1.9602003,-1.0944977,0,10675,1475565886444,3
1,Linearaccel,0.7825403,1.9044161,-1.1503177,0,10725,1475565886494,3
1,Linearaccel,1.2928505,1.658598,-0.98138714,0,10776,1475565886545,3
1,Linearaccel,1.6895247,1.7933493,-0.53537416,0,10826,1475565886595,3
1,Linearaccel,2.6227827,1.4292035,-0.5173547,0,10876,1475565886645,3
1,Linearaccel,1.580967,1.2735982,-0.33825278,0,10927,1475565886696,3
1,Linearaccel,-0.77352333,0.9246638,-0.18385983,0,10977,1475565886746,3
1,Linearaccel,0.3769207,-0.2877636,-0.39543235,0,11028,1475565886797,3
1,Linearaccel,0.77390957,-0.36756015,-0.25823975,0,11078,1475565886847,3
1,Linearaccel,-0.5337391,-0.4837749,0.13393962,0,11128,1475565886897,3
1,Linearaccel,-1.2130156,-1.3758705,-0.013591886,0,11179,1475565886948,3
1,Linearaccel,-1.0317125,-1.574018,0.14690566,0,11229,1475565886998,3
1,Linearaccel,-0.7032366,-1.7139208,0.47905147,0,11279,1475565887048,3
1,Linearaccel,-0.80710316,-1.9788901,0.45010245,0,11330,1475565887099,3
1,Linearaccel,-0.12204361,-2.1481571,0.5380974,0,11380,1475565887149,3
1,Linearaccel,0.23383522,-1.816154,0.667927,0,11430,1475565887199,3
1,Linearaccel,0.19476604,-1.4067845,0.7242881,0,11481,1475565887250,3
1,Linearaccel,2.028387,-1.3789427,0.8446442,0,11531,1475565887300,3
1,Linearaccel,2.1571388,-0.31043243,0.8648195,0,11581,1475565887350,3
1,Linearaccel,-0.7454386,0.9359846,0.6019914,0,11632,1475565887401,3
1,Linearaccel,0.9821863,1.3563673,0.46564043,0,11682,1475565887451,3
1,Linearaccel,1.6921473,2.452629,0.02873981,0,11732,1475565887501,3
1,Linearaccel,0.52855015,2.9808106,-0.09723008,0,11783,1475565887552,3
1,Linearaccel,-0.03755951,2.4825363,-0.16585732,0,11833,1475565887602,3
1,Linearaccel,0.62162113,2.938497,-0.40160084,0,11884,1475565887653,3
1,Linearaccel,0.16335249,2.5855742,-0.24609935,0,11934,1475565887703,3
1,Linearaccel,0.47041273,2.1972322,-0.14246154,0,11984,1475565887753,3
1,Linearaccel,0.14845753,1.7511425,-0.263739,0,12035,1475565887804,3
1,Linearaccel,0.53144073,1.0811181,-0.08266038,0,12085,1475565887854,3
1,Linearaccel,0.3728218,0.5224323,-0.32881254,0,12135,1475565887904,3
1,Linearaccel,0.47946644,-0.09907675,-0.45670313,0,12186,1475565887955,3
1,Linearaccel,-0.5204239,-0.40921545,-0.61698705,0,12236,1475565888005,3
1,Linearaccel,0.9107218,-0.9492593,-0.7205396,0,12286,1475565888055,3
1,Linearaccel,0.80380726,-1.1671209,-0.106603205,0,12337,1475565888106,3
1,Linearaccel,0.45866966,-1.942039,0.19841152,0,12387,1475565888156,3
1,Linearaccel,-0.56157017,-2.0534556,0.068098605,0,12437,1475565888206,3
1,Linearaccel,-1.5889797,-2.8563285,0.8737842,0,12488,1475565888257,3
1,Linearaccel,-0.5902691,-3.250702,0.8111224,0,12538,1475565888307,3
1,Linearaccel,-1.2417622,-2.377945,0.87709343,0,12588,1475565888357,3
1,Linearaccel,-0.9890137,-2.37749,0.66262794,0,12639,1475565888408,3
1,Linearaccel,-0.49892902,-2.0973165,0.3817848,0,12689,1475565888458,3
1,Linearaccel,-0.9682598,-1.6697104,0.091896534,0,12740,1475565888509,3
1,Linearaccel,-1.0347567,-1.39922,-0.265329,0,12790,1475565888559,3
1,Linearaccel,-0.49935818,-1.3570161,-0.15567744,0,12840,1475565888609,3
1,Linearaccel,0.002456665,-1.0506425,-0.16906905,0,12891,1475565888660,3
1,Linearaccel,-0.007963181,-0.711884,-0.2594347,0,12941,1475565888710,3
1,Linearaccel,1.7763929,-1.0455551,-0.50861776,0,12991,1475565888760,3
1,Linearaccel,1.8755436,-0.56454754,-0.5349579,0,13042,1475565888811,3
1,Linearaccel,-0.18549728,0.68539476,-0.9488255,0,13092,1475565888861,3
1,Linearaccel,0.8720646,0.93963575,-1.0987214,0,13142,1475565888911,3
1,Linearaccel,1.9714689,1.5193634,-1.2744294,0,13193,1475565888962,3
1,Linearaccel,0.52078533,2.7071524,-1.1467688,0,13243,1475565889012,3
1,Linearaccel,-0.15010309,2.6373959,-1.0835208,0,13293,1475565889062,3
1,Linearaccel,-0.09329939,2.6478229,-1.3207256,0,13344,1475565889113,3
1,Linearaccel,0.17686987,2.8919468,-1.1194627,0,13394,1475565889163,3
1,Linearaccel,0.31260586,2.759902,-0.8997638,0,13445,1475565889214,3
1,Linearaccel,0.5680866,1.7938709,-0.7723774,0,13495,1475565889264,3
1,Linearaccel,1.3281798,0.9052472,-0.68007636,0,13545,1475565889314,3
1,Linearaccel,1.3223925,4.348755E-4,-0.5196372,0,13596,1475565889365,3
1,Linearaccel,3.1394453,-1.022408,-0.51088953,0,13646,1475565889415,3
1,Linearaccel,1.563817,-1.1075783,-0.48903298,0,13696,1475565889465,3
1,Linearaccel,-1.1470671,-1.0262601,-0.33423996,0,13747,1475565889516,3
1,Linearaccel,-0.21699333,-2.3594284,-0.7104627,0,13797,1475565889566,3
1,Linearaccel,-0.09099293,-1.835434,-0.5364009,0,13847,1475565889616,3
1,Linearaccel,-0.5056257,-1.3181965,-0.07413864,0,13898,1475565889667,3
1,Linearaccel,-1.3427658,-1.8516765,-0.27523673,0,13948,1475565889717,3
1,Linearaccel,-1.3664732,-1.817493,-0.26964414,0,13998,1475565889767,3
1,Linearaccel,-1.2235212,-1.7936461,-0.08070886,0,14049,1475565889818,3
1,Linearaccel,-1.0543957,-1.8537617,-0.07080269,0,14099,1475565889868,3
1,Linearaccel,-0.43923092,-1.8483641,-0.26585317,0,14149,1475565889918,3
1,Linearaccel,0.06562519,-1.7466834,-0.5760504,0,14200,1475565889969,3
1,Linearaccel,0.46674633,-1.482399,-0.96272814,0,14250,1475565890019,3
1,Linearaccel,2.1930008,-1.6449742,-0.98274183,0,14301,1475565890070,3
1,Linearaccel,0.44177055,-0.9431,-0.93727255,0,14351,1475565890120,3
1,Linearaccel,1.4961691,-1.3142507,-1.0691411,0,14401,1475565890170,3
1,Linearaccel,2.5406637,-0.29720306,-1.1909508,0,14452,1475565890221,3
1,Linearaccel,0.6919155,1.3248014,-0.8145356,0,14502,1475565890271,3
1,Linearaccel,-0.02361393,1.7726431,-1.0929021,0,14552,1475565890321,3
1,Linearaccel,0.32505178,1.8954797,-1.3407221,0,14603,1475565890372,3
1,Linearaccel,0.3336959,2.85634,-1.3049574,0,14653,1475565890422,3
1,Linearaccel,0.070234776,3.3567057,-1.2462668,0,14703,1475565890472,3
1,Linearaccel,-0.004237175,2.9602141,-1.2313764,0,14754,1475565890523,3
1,Linearaccel,0.7634039,2.4850626,-1.0852084,0,14804,1475565890573,3
1,Linearaccel,1.2106614,2.0244699,-0.8758228,0,14854,1475565890623,3
1,Linearaccel,1.8408265,1.2273579,-0.6144167,0,14905,1475565890674,3
1,Linearaccel,3.579546,0.41915655,-0.5520303,0,14955,1475565890724,3
1,Linearaccel,0.8011646,0.5473275,-0.22279859,0,15005,1475565890774,3
1,Linearaccel,-0.11182785,-0.4326439,-0.1393354,0,15056,1475565890825,3
1,Linearaccel,0.37415218,-1.6348631,-0.30004907,0,15106,1475565890875,3
1,Linearaccel,-0.60066795,-1.386626,0.093361616,0,15157,1475565890926,3
1,Linearaccel,-1.045784,-2.4499173,0.12816906,0,15207,1475565890976,3
1,Linearaccel,-1.1699476,-3.0870202,-0.1539861,0,15257,1475565891026,3
1,Linearaccel,-1.3661718,-3.1576164,0.08213258,0,15308,1475565891077,3
1,Linearaccel,-1.4859266,-3.1371245,0.08589089,0,15358,1475565891127,3
1,Linearaccel,-0.8726702,-2.8799014,-0.025788784,0,15408,1475565891177,3
1,Linearaccel,-0.06542015,-2.3542814,-0.1242007,0,15459,1475565891228,3
1,Linearaccel,1.0685177,-1.8145912,-0.12220132,0,15509,1475565891278,3
1,Linearaccel,3.6400309,-1.7770412,0.06144941,0,15559,1475565891328,3
1,Linearaccel,0.739995,-0.3203032,-6.1404705E-4,0,15610,1475565891379,3
1,Linearaccel,-0.42945004,0.026458263,-0.39780498,0,15660,1475565891429,3
1,Linearaccel,1.1665192,0.93103075,-0.65040207,0,15710,1475565891479,3
1,Linearaccel,1.2113514,2.174067,-0.7004553,0,15761,1475565891530,3
1,Linearaccel,1.007287,2.3756518,-0.5510398,0,15811,1475565891580,3
1,Linearaccel,0.29784918,2.321693,-0.9973606,0,15862,1475565891631,3
1,Linearaccel,0.14165068,2.6623964,-0.9012011,0,15912,1475565891681,3
1,Linearaccel,-0.22615576,2.654683,-0.8972038,0,15962,1475565891731,3
1,Linearaccel,-0.33129454,2.6178074,-0.82464206,0,16013,1475565891782,3
1,Linearaccel,0.26312065,2.1527739,-0.7893528,0,16063,1475565891832,3
1,Linearaccel,0.63956356,1.6486244,-0.6704191,0,16113,1475565891882,3
1,Linearaccel,1.0619302,0.8094053,-0.60851014,0,16164,1475565891933,3
1,Linearaccel,1.9470377,0.3007965,-0.5545757,0,16214,1475565891983,3
1,Linearaccel,2.0207682,-0.015826702,-0.3761295,0,16264,1475565892033,3
1,Linearaccel,-0.10869312,-0.48568726,-0.43086708,0,16315,1475565892084,3
1,Linearaccel,0.36077023,-1.3530068,-0.23465776,0,16365,1475565892134,3
1,Linearaccel,1.215847,-1.663656,-0.05681801,0,16415,1475565892184,3
1,Linearaccel,-0.9586563,-1.4259145,0.13792002,0,16466,1475565892235,3
1,Linearaccel,-1.9013557,-1.8057871,-0.0796448,0,16516,1475565892285,3
1,Linearaccel,-1.806201,-1.6950014,0.0076704025,0,16566,1475565892335,3
1,Linearaccel,-1.2358122,-1.6013429,0.091208935,0,16617,1475565892386,3
1,Linearaccel,-0.50336266,-1.7980103,0.12403834,0,16667,1475565892436,3
1,Linearaccel,-0.02379036,-1.8631835,-0.007438183,0,16718,1475565892487,3
1,Linearaccel,0.3546543,-1.5950978,-0.004589796,0,16768,1475565892537,3
1,Linearaccel,0.60642815,-1.2171614,6.2954426E-4,0,16818,1475565892587,3
1,Linearaccel,3.0196667,-1.2785568,0.23121607,0,16869,1475565892638,3
1,Linearaccel,0.2644558,0.21400142,0.24210095,0,16919,1475565892688,3
1,Linearaccel,-0.4244604,0.3356378,0.5815958,0,16969,1475565892738,3
1,Linearaccel,1.4703693,0.8761132,0.7613026,0,17020,1475565892789,3
1,Linearaccel,0.85966873,2.075054,0.86969507,0,17070,1475565892839,3
1,Linearaccel,0.0677309,1.8755913,0.8043314,0,17120,1475565892889,3
1,Linearaccel,0.60240555,2.0118203,0.38704038,0,17171,1475565892940,3
1,Linearaccel,0.52375793,2.4449086,0.3514086,0,17221,1475565892990,3
1,Linearaccel,-0.10697985,2.2969146,0.18579352,0,17271,1475565893040,3
1,Linearaccel,0.03514576,2.1593142,-0.09833264,0,17322,1475565893091,3
1,Linearaccel,0.0912199,2.0341368,-0.40605772,0,17372,1475565893141,3
1,Linearaccel,0.26457453,1.8110642,-0.5104095,0,17422,1475565893191,3
1,Linearaccel,1.326479,1.163341,-0.848747,0,17473,1475565893242,3
1,Linearaccel,2.919435,0.8355613,-1.0732996,0,17523,1475565893292,3
1,Linearaccel,2.2593737,1.0033021,-0.67007613,0,17574,1475565893343,3
1,Linearaccel,-0.96434593,0.6940112,-0.3120358,0,17624,1475565893393,3
1,Linearaccel,0.43115425,-0.51381016,-0.26401997,0,17674,1475565893443,3
1,Linearaccel,0.89177513,-0.3011198,-0.12276113,0,17725,1475565893494,3
1,Linearaccel,-0.7531729,-0.19727778,0.39614034,0,17775,1475565893544,3
1,Linearaccel,-1.3300371,-1.0766649,0.23774076,0,17825,1475565893594,3
1,Linearaccel,-1.1825628,-1.4190006,0.17203557,0,17876,1475565893645,3
1,Linearaccel,-0.6889744,-1.7354734,0.39179897,0,17926,1475565893695,3
1,Linearaccel,-0.44931602,-2.144511,0.44210935,0,17976,1475565893745,3
1,Linearaccel,0.29090405,-2.4967735,0.49275827,0,18027,1475565893796,3
1,Linearaccel,0.37918186,-2.5097804,0.4551307,0,18077,1475565893846,3
1,Linearaccel,0.9271593,-2.620678,0.5208287,0,18127,1475565893896,3
1,Linearaccel,1.2807455,-2.5773802,0.6468837,0,18178,1475565893947,3
1,Linearaccel,-1.5215597,-1.504416,0.29532182,0,18228,1475565893997,3
1,Linearaccel,-0.1483345,-1.6147234,0.2687359,0,18279,1475565894048,3
1,Linearaccel,1.1320543,-0.37156606,0.14700139,0,18329,1475565894098,3
1,Linearaccel,0.48061466,0.7248156,0.27219176,0,18379,1475565894148,3
1,Linearaccel,-0.008000374,1.3713114,-0.117017865,0,18430,1475565894199,3
1,Linearaccel,-0.12872314,1.6743693,-0.48043454,0,18480,1475565894249,3
1,Linearaccel,0.047761917,2.3449597,-0.64421237,0,18530,1475565894299,3
1,Linearaccel,0.31013346,2.6251101,-0.61125505,0,18581,1475565894350,3
1,Linearaccel,0.57757807,2.6191459,-0.62797487,0,18631,1475565894400,3
1,Linearaccel,1.6201816,2.3938322,-0.49148703,0,18681,1475565894450,3
1,Linearaccel,2.0823169,2.1920347,-0.3248992,0,18732,1475565894501,3
1,Linearaccel,3.2185416,1.7781773,-0.12235439,0,18782,1475565894551,3
1,Linearaccel,0.7252531,1.7081347,0.11235297,0,18832,1475565894601,3
1,Linearaccel,-0.32002163,0.99708176,0.1828314,0,18883,1475565894652,3
1,Linearaccel,1.319521,0.17323256,0.2552867,0,18933,1475565894702,3
1,Linearaccel,0.34855652,0.38463187,0.3758819,0,18983,1475565894752,3
1,Linearaccel,-1.403656,-0.16384959,0.47110605,0,19034,1475565894803,3
1,Linearaccel,-1.4420958,-0.75732255,0.37273705,0,19084,1475565894853,3
1,Linearaccel,-0.9081001,-0.83684087,0.5359969,0,19135,1475565894904,3
1,Linearaccel,-0.331872,-1.3440464,0.69846296,0,19185,1475565894954,3
1,Linearaccel,-0.3456974,-1.9185734,0.53778255,0,19235,1475565895004,3
1,Linearaccel,0.16207409,-2.1107533,0.3836199,0,19286,1475565895055,3
1,Linearaccel,0.44455242,-1.9594288,0.30192494,0,19336,1475565895105,3
1,Linearaccel,2.514637,-2.3197021,0.21815884,0,19386,1475565895155,3
1,Linearaccel,1.0761423,-1.6712289,0.006862402,0,19437,1475565895206,3
1,Linearaccel,-1.4142742,-1.1390324,-0.2545768,0,19487,1475565895256,3
1,Linearaccel,-0.07621384,-0.9347174,-0.23365355,0,19537,1475565895306,3
1,Linearaccel,0.87202835,0.3084886,-0.29553306,0,19588,1475565895357,3
1,Linearaccel,0.31917286,1.0936017,-0.28336787,0,19638,1475565895407,3
1,Linearaccel,-0.5058651,1.2831497,-0.71496904,0,19688,1475565895457,3
1,Linearaccel,-0.16603088,1.7212086,-0.87748563,0,19739,1475565895508,3
1,Linearaccel,-0.13925266,2.335822,-0.9497433,0,19789,1475565895558,3
1,Linearaccel,0.107308865,2.3905234,-1.0015886,0,19839,1475565895608,3
1,Linearaccel,0.88282776,2.4766884,-0.9371159,0,19890,1475565895659,3
1,Linearaccel,1.6394486,2.2956429,-0.7076514,0,19940,1475565895709,3
1,Linearaccel,1.7219119,2.092588,-0.31724143,0,19991,1475565895760,3
1,Linearaccel,3.5917034,1.5469775,-0.16437769,0,20041,1475565895810,3
1,Linearaccel,0.9841156,1.7499895,0.108804464,0,20091,1475565895860,3
1,Linearaccel,-0.8355427,0.8964915,0.09463382,0,20142,1475565895911,3
1,Linearaccel,0.91346264,-0.14434433,0.15926337,0,20192,1475565895961,3
1,Linearaccel,0.48885345,0.02909255,0.5369997,0,20242,1475565896011,3
1,Linearaccel,-1.3464909,-0.6814852,0.78930175,0,20293,1475565896062,3
1,Linearaccel,-1.4892979,-1.33092,0.4899658,0,20343,1475565896112,3
1,Linearaccel,-1.1415377,-1.7262211,0.38416505,0,20393,1475565896162,3
1,Linearaccel,-0.7347164,-2.221229,0.51239026,0,20444,1475565896213,3
1,Linearaccel,-0.39215755,-2.5224586,0.37482488,0,20494,1475565896263,3
1,Linearaccel,0.13148022,-2.3971925,0.25986063,0,20544,1475565896313,3
1,Linearaccel,0.63202953,-2.0855951,0.11393571,0,20595,1475565896364,3
1,Linearaccel,2.542409,-2.0422184,-0.071070075,0,20645,1475565896414,3
1,Linearaccel,1.1799049,-1.0382075,0.03101933,0,20696,1475565896465,3
1,Linearaccel,-1.1596689,-0.37674356,-0.31376553,0,20746,1475565896515,3
1,Linearaccel,0.22823524,-0.16793013,-0.4799186,0,20796,1475565896565,3
1,Linearaccel,1.3785276,0.7246375,-0.5572647,0,20847,1475565896616,3
1,Linearaccel,0.25261497,1.4909258,-0.50683606,0,20897,1475565896666,3
1,Linearaccel,-0.0017499924,1.6468492,-0.7659403,0,20947,1475565896716,3
1,Linearaccel,0.092531204,1.9888773,-0.84905815,0,20998,1475565896767,3
1,Linearaccel,-0.19288254,2.5762014,-0.8573196,0,21048,1475565896817,3
1,Linearaccel,-0.0184412,2.4808989,-0.9131267,0,21098,1475565896867,3
1,Linearaccel,0.21802855,2.39809,-0.84262013,0,21149,1475565896918,3
1,Linearaccel,1.1414957,2.2938519,-0.68581986,0,21199,1475565896968,3
1,Linearaccel,1.9346142,1.805296,-0.5631914,0,21249,1475565897018,3
1,Linearaccel,3.2873898,1.0314498,-0.48974133,0,21300,1475565897069,3
1,Linearaccel,2.046218,0.9366753,-0.25834727,0,21350,1475565897119,3
1,Linearaccel,-0.9773922,0.48362732,-0.20690918,0,21400,1475565897169,3
1,Linearaccel,-0.10032368,-0.9156244,-0.15441024,0,21451,1475565897220,3
1,Linearaccel,0.47897053,-1.1966021,-0.16250515,0,21501,1475565897270,3
1,Linearaccel,-0.46742535,-1.3564553,-0.010352135,0,21552,1475565897321,3
1,Linearaccel,-1.3600979,-1.9859362,-0.23843026,0,21602,1475565897371,3
1,Linearaccel,-1.3406048,-2.2015321,-0.26278305,0,21652,1475565897421,3
1,Linearaccel,-1.0103741,-2.239503,-0.08083367,0,21703,1475565897472,3
1,Linearaccel,-0.7603235,-2.3637013,-0.040486336,0,21753,1475565897522,3
1,Linearaccel,-0.14170647,-2.632829,-0.059133053,0,21803,1475565897572,3
1,Linearaccel,0.45068932,-2.073761,-0.008296967,0,21854,1475565897623,3
1,Linearaccel,1.3534908,-1.9274147,-0.17701054,0,21904,1475565897673,3
1,Linearaccel,2.8048153,-1.7763789,-0.0046705008,0,21954,1475565897723,3
1,Linearaccel,-0.53042316,-0.6698005,-0.54343987,0,22005,1475565897774,3
1,Linearaccel,0.5341997,-0.6219115,-0.76454866,0,22055,1475565897824,3
1,Linearaccel,1.8776131,0.30562449,-1.2272308,0,22105,1475565897874,3
1,Linearaccel,0.73421097,1.6414132,-1.0268791,0,22156,1475565897925,3
1,Linearaccel,-0.06352997,1.9439192,-1.233506,0,22206,1475565897975,3
1,Linearaccel,-0.180727,2.0035486,-1.4908261,0,22256,1475565898025,3
1,Linearaccel,0.18274498,2.768417,-1.3844254,0,22307,1475565898076,3
1,Linearaccel,-0.27614927,2.8700895,-1.1120517,0,22357,1475565898126,3
1,Linearaccel,0.12979841,2.5959525,-1.177969,0,22408,1475565898177,3
1,Linearaccel,1.1318398,2.3668337,-0.8690269,0,22458,1475565898227,3
1,Linearaccel,1.5538511,2.0174122,-0.5900636,0,22508,1475565898277,3
1,Linearaccel,3.0135632,1.167006,-0.49398518,0,22559,1475565898328,3
1,Linearaccel,2.550788,0.6166005,-0.21639895,0,22609,1475565898378,3
1,Linearaccel,-0.43441296,0.30550528,-0.099612236,0,22659,1475565898428,3
1,Linearaccel,0.28001976,-0.88618016,0.036586285,0,22710,1475565898479,3
1,Linearaccel,1.0151138,-1.2799575,0.035415173,0,22760,1475565898529,3
1,Linearaccel,-0.278759,-1.2657118,0.41758943,0,22810,1475565898579,3
1,Linearaccel,-1.5174265,-1.6910198,0.12439382,0,22861,1475565898630,3
1,Linearaccel,-1.5326576,-2.163416,-0.026661158,0,22911,1475565898680,3
1,Linearaccel,-1.061223,-1.9720353,0.12329996,0,22961,1475565898730,3
1,Linearaccel,-0.6556854,-2.073248,0.2716335,0,23012,1475565898781,3
1,Linearaccel,-0.44593525,-2.4139922,0.09168458,0,23062,1475565898831,3
1,Linearaccel,0.38392353,-2.2856271,0.19127178,0,23112,1475565898881,3
1,Linearaccel,1.7591829,-2.1019042,0.0793612,0,23163,1475565898932,3
1,Linearaccel,2.4720335,-1.8169775,0.045898676,0,23213,1475565898982,3
1,Linearaccel,-1.0949497,-1.1173198,-0.367234,0,23264,1475565899033,3
1,Linearaccel,0.25951862,-1.2428794,-0.6888517,0,23314,1475565899083,3
1,Linearaccel,1.5774784,-0.11667371,-0.97194266,0,23364,1475565899133,3
1,Linearaccel,0.09715271,0.61936045,-0.9845319,0,23415,1475565899184,3
1,Linearaccel,-0.6108055,0.98101544,-1.321893,0,23465,1475565899234,3
1,Linearaccel,-0.5313606,1.2156892,-1.6784167,0,23515,1475565899284,3
1,Linearaccel,-0.29844856,1.7598338,-1.7328701,0,23566,1475565899335,3
1,Linearaccel,-0.0730505,2.2358093,-1.6502998,0,23616,1475565899385,3
1,Linearaccel,0.3808999,2.1332974,-1.3722484,0,23666,1475565899435,3
1,Linearaccel,1.2695293,2.0369248,-1.0995831,0,23717,1475565899486,3
1,Linearaccel,1.9408398,1.865828,-0.8482146,0,23767,1475565899536,3
1,Linearaccel,3.4361086,1.2661691,-0.59671617,0,23817,1475565899586,3
1,Linearaccel,0.8631916,0.98078203,-0.26360273,0,23868,1475565899637,3
1,Linearaccel,-0.87180233,0.31373978,-0.047060013,0,23918,1475565899687,3
1,Linearaccel,0.9803438,-0.57176423,0.03167844,0,23969,1475565899738,3
1,Linearaccel,0.80460644,-0.37444806,0.2871951,0,24019,1475565899788,3
1,Linearaccel,-0.8980961,-0.8283725,0.33243525,0,24069,1475565899838,3
1,Linearaccel,-1.4945889,-1.4309545,-0.0029304028,0,24120,1475565899889,3
1,Linearaccel,-1.2443914,-1.1572373,0.103696704,0,24170,1475565899939,3
1,Linearaccel,-1.0383835,-1.3754478,0.06522024,0,24220,1475565899989,3
1,Linearaccel,-0.6187258,-1.8974826,-0.13302469,0,24271,1475565900040,3
1,Linearaccel,-0.12983131,-2.1109471,-0.07658708,0,24321,1475565900090,3
1,Linearaccel,0.26729774,-2.0292306,-0.08408284,0,24371,1475565900140,3
1,Linearaccel,1.8376102,-2.1888793,-0.02638793,0,24422,1475565900191,3
1,Linearaccel,1.8687735,-1.9965866,0.24314499,0,24472,1475565900241,3
1,Linearaccel,-1.0393543,-1.1912036,0.04272473,0,24522,1475565900291,3
1,Linearaccel,0.7923174,-0.74999976,0.07424986,0,24573,1475565900342,3
1,Linearaccel,1.3083344,0.6016166,-0.12742233,0,24623,1475565900392,3
1,Linearaccel,0.48530293,1.2485483,-0.3527552,0,24673,1475565900442,3
1,Linearaccel,-0.063384056,1.3141665,-0.7854165,0,24724,1475565900493,3
1,Linearaccel,0.013435364,1.882093,-0.7491212,0,24774,1475565900543,3
1,Linearaccel,-0.64908886,2.5515604,-0.7352971,0,24825,1475565900594,3
1,Linearaccel,-0.39509344,2.431829,-0.82285595,0,24875,1475565900644,3
1,Linearaccel,0.42205048,2.344789,-0.75083876,0,24925,1475565900694,3
1,Linearaccel,1.0113401,1.976099,-0.7313968,0,24976,1475565900745,3
1,Linearaccel,1.1046557,1.4325857,-0.38076806,0,25026,1475565900795,3
1,Linearaccel,2.1916275,0.8456464,-0.40972793,0,25076,1475565900845,3
1,Linearaccel,2.7612495,0.49367905,-0.27781725,0,25127,1475565900896,3
1,Linearaccel,-0.4399004,0.6046848,-0.037774563,0,25177,1475565900946,3
1,Linearaccel,0.68848705,-0.37061262,-0.07291138,0,25227,1475565900996,3
1,Linearaccel,1.0291996,-0.48702145,0.083762884,0,25278,1475565901047,3
1,Linearaccel,-0.25482845,-0.53370357,0.43367863,0,25328,1475565901097,3
1,Linearaccel,-1.3088541,-1.1133142,0.19670844,0,25378,1475565901147,3
1,Linearaccel,-1.4694338,-1.3747349,0.09771514,0,25429,1475565901198,3
1,Linearaccel,-1.151968,-1.3752723,0.2047677,0,25479,1475565901248,3
1,Linearaccel,-0.7179823,-1.752993,0.17529058,0,25529,1475565901298,3
1,Linearaccel,-0.21445847,-1.9070885,0.05891025,0,25580,1475565901349,3
1,Linearaccel,0.17955017,-1.754915,-0.04505694,0,25630,1475565901399,3
1,Linearaccel,0.84282875,-1.7498757,-0.02156508,0,25681,1475565901450,3
1,Linearaccel,3.0825138,-1.7745988,0.3801409,0,25731,1475565901500,3
1,Linearaccel,-1.1485786,-0.31126046,0.41549015,0,25781,1475565901550,3
1,Linearaccel,-0.6414118,-0.69985867,0.7603134,0,25832,1475565901601,3
1,Linearaccel,1.0240059,0.025140524,0.77498543,0,25882,1475565901651,3
1,Linearaccel,0.5857887,1.0648184,1.067378,0,25932,1475565901701,3
1,Linearaccel,0.11427784,0.7990508,0.56948125,0,25983,1475565901752,3
1,Linearaccel,0.46176815,1.0268269,0.25749063,0,26033,1475565901802,3
1,Linearaccel,0.42327595,2.1248765,0.19194984,0,26083,1475565901852,3
1,Linearaccel,-0.20264435,2.2577286,-0.053678274,0,26134,1475565901903,3
1,Linearaccel,-0.12945747,2.250761,-0.18591821,0,26184,1475565901953,3
1,Linearaccel,-0.2501788,2.0851917,-0.10928202,0,26234,1475565902003,3
1,Linearaccel,0.4687066,1.5947967,0.05842161,0,26285,1475565902054,3
1,Linearaccel,1.6731291,1.1657367,-0.119122386,0,26335,1475565902104,3
1,Linearaccel,3.9344797,1.1603255,-0.25972724,0,26385,1475565902154,3
1,Linearaccel,1.4485645,1.3538275,-0.09190655,0,26436,1475565902205,3
1,Linearaccel,-0.9673929,1.3433771,-0.20560384,0,26486,1475565902255,3
1,Linearaccel,0.081549644,0.23989773,-0.5791044,0,26537,1475565902306,3
1,Linearaccel,0.9479637,0.31456113,-0.52649856,0,26587,1475565902356,3
1,Linearaccel,-0.8617754,0.32622552,0.0797981,0,26637,1475565902406,3
1,Linearaccel,-1.5859842,-0.91766095,-0.15644288,0,26688,1475565902457,3
1,Linearaccel,-0.94283295,-1.246741,0.3360523,0,26738,1475565902507,3
1,Linearaccel,-0.26499176,-1.4621222,0.41709864,0,26788,1475565902557,3
1,Linearaccel,-0.2707653,-2.5079765,0.41947722,0,26839,1475565902608,3
1,Linearaccel,0.028730392,-2.7722535,0.12725103,0,26889,1475565902658,3
1,Linearaccel,0.92344666,-2.5560622,0.19777465,0,26939,1475565902708,3
1,Linearaccel,2.5007467,-2.5504518,0.13585532,0,26990,1475565902759,3
1,Linearaccel,0.66713524,-1.9067918,0.013625979,0,27040,1475565902809,3
1,Linearaccel,-2.152957,-1.6345544,-0.35476875,0,27090,1475565902859,3
1,Linearaccel,-0.5307169,-1.3401725,-0.38305044,0,27141,1475565902910,3
1,Linearaccel,0.962656,-0.25997877,-0.47178054,0,27191,1475565902960,3
1,Linearaccel,0.2239933,0.4606104,-0.49615157,0,27242,1475565903011,3
1,Linearaccel,-0.21253681,0.47790384,-0.8149326,0,27292,1475565903061,3
1,Linearaccel,0.072672844,1.3240097,-0.8761047,0,27342,1475565903111,3
1,Linearaccel,-0.23860645,2.091012,-0.9972571,0,27393,1475565903162,3
1,Linearaccel,0.077383995,2.1560864,-0.99688363,0,27443,1475565903212,3
1,Linearaccel,0.25511074,2.180457,-0.84903526,0,27493,1475565903262,3
1,Linearaccel,1.5178099,2.0655165,-0.6091424,0,27544,1475565903313,3
1,Linearaccel,1.6985712,1.9747386,-0.31574,0,27594,1475565903363,3
1,Linearaccel,3.210619,1.3878403,-0.06558597,0,27644,1475565903413,3
1,Linearaccel,0.50207233,1.3833709,0.21630168,0,27695,1475565903464,3
1,Linearaccel,-0.45358944,0.5189097,-0.08577347,0,27745,1475565903514,3
1,Linearaccel,1.0582094,-0.20797586,-0.10118556,0,27795,1475565903564,3
1,Linearaccel,0.2837534,0.06669831,0.002007246,0,27846,1475565903615,3
1,Linearaccel,-0.99047375,-0.7159016,-0.07948029,0,27896,1475565903665,3
1,Linearaccel,-1.2044497,-1.3287098,-0.36534524,0,27946,1475565903715,3
1,Linearaccel,-1.2170067,-1.3588307,-0.34039116,0,27997,1475565903766,3
1,Linearaccel,-1.233572,-1.5367482,-0.18559098,0,28047,1475565903816,3
1,Linearaccel,-0.767786,-1.8718275,-0.35655212,0,28098,1475565903867,3
1,Linearaccel,0.65317345,-1.9563097,-0.2862544,0,28148,1475565903917,3
1,Linearaccel,1.8855925,-1.5906208,-0.43765473,0,28198,1475565903967,3
1,Linearaccel,2.7139015,-1.7409525,-0.40788758,0,28249,1475565904018,3
1,Linearaccel,-0.5914526,-1.0053308,-0.572376,0,28299,1475565904068,3
1,Linearaccel,-0.5671177,-0.8957107,-0.6499288,0,28349,1475565904118,3
1,Linearaccel,1.2874918,-0.1973803,-0.59300673,0,28400,1475565904169,3
1,Linearaccel,0.42468452,0.7052815,-0.60372674,0,28450,1475565904219,3
1,Linearaccel,-0.3907051,1.1962008,-0.7399305,0,28500,1475565904269,3
1,Linearaccel,-0.33535767,1.1808987,-1.0186956,0,28551,1475565904320,3
1,Linearaccel,-0.33176804,1.8741031,-1.1342659,0,28601,1475565904370,3
1,Linearaccel,-0.24252701,2.0524244,-1.2524776,0,28651,1475565904420,3
1,Linearaccel,0.29370022,1.9758668,-1.2661521,0,28702,1475565904471,3
1,Linearaccel,1.080472,1.8770618,-1.1840756,0,28752,1475565904521,3
1,Linearaccel,1.7636328,1.6320615,-0.846102,0,28802,1475565904571,3
1,Linearaccel,2.2559633,1.2609849,-0.6131394,0,28853,1475565904622,3
1,Linearaccel,2.3241959,0.9642496,-0.34707856,0,28903,1475565904672,3
1,Linearaccel,-0.20966625,0.96842146,-0.090497494,0,28954,1475565904723,3
1,Linearaccel,0.0051164627,-0.16802192,-0.10866153,0,29004,1475565904773,3
1,Linearaccel,0.97209835,-0.2986889,0.067745805,0,29054,1475565904823,3
1,Linearaccel,-0.53726673,-0.057793856,0.30662692,0,29105,1475565904874,3
1,Linearaccel,-1.3047352,-0.9720788,0.15209877,0,29155,1475565904924,3
1,Linearaccel,-1.1182137,-1.1578913,0.16083539,0,29205,1475565904974,3
1,Linearaccel,-1.160986,-1.3057466,0.31871128,0,29256,1475565905025,3
1,Linearaccel,-1.0663548,-1.628684,0.24843001,0,29306,1475565905075,3
1,Linearaccel,-0.27059174,-1.8182933,0.33627152,0,29356,1475565905125,3
1,Linearaccel,0.70752525,-1.546566,0.5439261,0,29407,1475565905176,3
1,Linearaccel,0.21496773,-1.1045072,0.42914867,0,29457,1475565905226,3
1,Linearaccel,1.0007858,-1.2891281,0.48362923,0,29507,1475565905276,3
1,Linearaccel,1.877389,-0.88010097,0.5173329,0,29558,1475565905327,3
1,Linearaccel,-0.5040035,-0.17354965,0.2946272,0,29608,1475565905377,3
1,Linearaccel,0.68128395,-0.15625119,-0.12855077,0,29659,1475565905428,3
1,Linearaccel,1.695447,0.8231549,-0.39376163,0,29709,1475565905478,3
1,Linearaccel,0.5999117,1.4284482,-0.6208222,0,29759,1475565905528,3
1,Linearaccel,0.14083767,1.7213402,-0.7144432,0,29810,1475565905579,3
1,Linearaccel,0.16613102,1.8697929,-1.00531,0,29860,1475565905629,3
1,Linearaccel,-0.07910299,2.4626818,-0.8597777,0,29910,1475565905679,3
1,Linearaccel,0.14648962,2.4554853,-0.8627453,0,29961,1475565905730,3
1,Linearaccel,0.12642193,2.183752,-0.78162193,0,30011,1475565905780,3
1,Linearaccel,0.084356785,2.0719228,-0.7200978,0,30061,1475565905830,3
1,Linearaccel,0.60880184,1.5606642,-0.46939135,0,30112,1475565905881,3
1,Linearaccel,1.0033197,0.8106899,-0.5469992,0,30162,1475565905931,3
1,Linearaccel,2.384859,0.45442533,-0.4952941,0,30212,1475565905981,3
1,Linearaccel,2.5203505,0.03924966,-0.5137603,0,30263,1475565906032,3
1,Linearaccel,0.48444653,-0.02263403,-0.5112145,0,30313,1475565906082,3
1,Linearaccel,-1.3483229,-0.46773124,-0.7195029,0,30363,1475565906132,3
1,Linearaccel,-0.2538309,-1.2021194,-0.73147786,0,30414,1475565906183,3
1,Linearaccel,0.3501234,-1.1957707,-0.18223417,0,30464,1475565906233,3
1,Linearaccel,-0.7557287,-1.6781125,-0.16237128,0,30515,1475565906284,3
1,Linearaccel,-1.4880323,-2.424115,-0.34507,0,30565,1475565906334,3
1,Linearaccel,-1.0377941,-2.3381066,0.026233554,0,30615,1475565906384,3
1,Linearaccel,-0.97580814,-2.3583133,0.34211767,0,30666,1475565906435,3
1,Linearaccel,-0.85252666,-2.5916479,0.46402133,0,30716,1475565906485,3
1,Linearaccel,-0.21797276,-2.4392486,0.6564944,0,30766,1475565906535,3
1,Linearaccel,0.9949713,-1.8904251,0.9902576,0,30817,1475565906586,3
1,Linearaccel,1.427454,-1.4108932,0.85996175,0,30867,1475565906636,3
1,Linearaccel,3.3029175,-1.1486076,0.930205,0,30917,1475565906686,3
1,Linearaccel,-0.91781807,0.70743465,0.7740762,0,30968,1475565906737,3
1,Linearaccel,-0.6149225,0.75856805,0.5248599,0,31018,1475565906787,3
1,Linearaccel,1.8280668,1.4608784,0.034198403,0,31068,1475565906837,3
1,Linearaccel,1.4623766,2.4352162,-0.06575835,0,31119,1475565906888,3
1,Linearaccel,0.6229248,2.1064591,-0.382509,0,31169,1475565906938,3
1,Linearaccel,0.26014996,2.0480838,-0.82974315,0,31219,1475565906988,3
1,Linearaccel,0.87988186,2.5902586,-0.6817775,0,31270,1475565907039,3
1,Linearaccel,0.048544884,2.7933054,-0.6907637,0,31320,1475565907089,3
1,Linearaccel,0.1662631,2.359356,-0.70746005,0,31371,1475565907140,3
1,Linearaccel,0.12265062,2.1111398,-0.5907011,0,31421,1475565907190,3
1,Linearaccel,0.5630579,1.8783479,-0.46107972,0,31471,1475565907240,3
1,Linearaccel,1.0277014,1.3842564,-0.33114552,0,31522,1475565907291,3
1,Linearaccel,2.2388287,0.8292947,-0.55842435,0,31572,1475565907341,3
1,Linearaccel,2.3244762,0.5022898,-0.18278944,0,31622,1475565907391,3
1,Linearaccel,-0.21073246,0.6158116,0.033142567,0,31673,1475565907442,3
1,Linearaccel,-0.8274555,0.35764813,-0.072487,0,31723,1475565907492,3
1,Linearaccel,0.708107,-0.060141087,-0.17031395,0,31773,1475565907542,3
1,Linearaccel,0.5863066,-0.03964758,0.034677505,0,31824,1475565907593,3
1,Linearaccel,-0.93813705,-0.55417633,-0.0600785,0,31874,1475565907643,3
1,Linearaccel,-1.0120516,-1.0031054,0.06521666,0,31924,1475565907693,3
1,Linearaccel,-0.83875465,-1.1822355,0.18565273,0,31975,1475565907744,3
1,Linearaccel,-0.621315,-1.5554914,0.43088126,0,32025,1475565907794,3
1,Linearaccel,-0.471035,-2.1093907,0.518075,0,32075,1475565907844,3
1,Linearaccel,-0.047106743,-2.2572885,0.44797122,0,32126,1475565907895,3
1,Linearaccel,0.354887,-2.1971173,0.56395364,0,32176,1475565907945,3
1,Linearaccel,0.3754034,-2.2070656,0.39186478,0,32227,1475565907996,3
1,Linearaccel,2.0600529,-2.308217,0.41302264,0,32277,1475565908046,3
1,Linearaccel,-0.7923069,-1.1786754,0.42343366,0,32327,1475565908096,3
1,Linearaccel,-1.2528973,-0.9496114,0.36074662,0,32378,1475565908147,3
1,Linearaccel,0.77814865,-0.16989803,0.3504542,0,32428,1475565908197,3
1,Linearaccel,1.1771975,0.7895932,0.24898529,0,32478,1475565908247,3
1,Linearaccel,0.5014477,0.9597087,0.10454345,0,32529,1475565908298,3
1,Linearaccel,0.19771194,1.3199453,-0.17882264,0,32579,1475565908348,3
1,Linearaccel,-0.11531067,1.8544931,-0.36234534,0,32629,1475565908398,3
1,Linearaccel,-0.2652607,2.0495877,-0.47162724,0,32680,1475565908449,3
1,Linearaccel,-0.4467554,2.2216105,-0.6117805,0,32730,1475565908499,3
1,Linearaccel,0.07600641,2.0765433,-0.5918143,0,32780,1475565908549,3
1,Linearaccel,0.75812435,2.0219812,-0.44290996,0,32831,1475565908600,3
1,Linearaccel,1.0310221,1.6404085,-0.31127965,0,32881,1475565908650,3
1,Linearaccel,1.7004662,1.2619696,-0.15663481,0,32932,1475565908701,3
1,Linearaccel,2.8641748,0.86725616,-0.017486095,0,32982,1475565908751,3
1,Linearaccel,1.3561773,0.8091588,0.25219107,0,33032,1475565908801,3
1,Linearaccel,-0.9934511,0.4087782,0.2767954,0,33083,1475565908852,3
1,Linearaccel,-0.24605083,-0.43783927,0.10493338,0,33133,1475565908902,3
1,Linearaccel,0.6357546,-0.19048142,0.45062625,0,33183,1475565908952,3
1,Linearaccel,-0.73723125,-0.4259839,0.42323256,0,33234,1475565909003,3
1,Linearaccel,-0.9563675,-1.2955229,0.18096936,0,33284,1475565909053,3
1,Linearaccel,-0.8684473,-1.1707964,0.48667538,0,33334,1475565909103,3
1,Linearaccel,-0.86468315,-1.409713,0.60968626,0,33385,1475565909154,3
1,Linearaccel,-0.6106558,-1.8039975,0.61243486,0,33435,1475565909204,3
1,Linearaccel,-0.2413063,-1.883794,0.6532911,0,33485,1475565909254,3
1,Linearaccel,0.046905518,-1.7372316,0.4791286,0,33536,1475565909305,3
1,Linearaccel,0.49519825,-1.4490385,0.40114284,0,33586,1475565909355,3
1,Linearaccel,1.9086428,-1.4842935,0.269701,0,33636,1475565909405,3
1,Linearaccel,0.31356716,-0.59784746,0.15387094,0,33687,1475565909456,3
1,Linearaccel,-1.4950476,-0.27663064,-0.24707615,0,33737,1475565909506,3
1,Linearaccel,0.27420712,-0.38934708,-0.5169432,0,33788,1475565909557,3
1,Linearaccel,1.3514051,0.5436132,-0.5017556,0,33838,1475565909607,3
1,Linearaccel,0.2779398,0.84559083,-0.40518212,0,33888,1475565909657,3
1,Linearaccel,-0.13060856,0.709805,-0.7650281,0,33939,1475565909708,3
1,Linearaccel,0.38102722,1.076376,-0.6950486,0,33989,1475565909758,3
1,Linearaccel,0.081861496,1.862577,-0.42025447,0,34039,1475565909808,3
1,Linearaccel,-0.07624054,1.843667,-0.5416722,0,34090,1475565909859,3
1,Linearaccel,-0.16328621,2.0361595,-0.39532483,0,34140,1475565909909,3
1,Linearaccel,0.3108697,1.9724069,-0.17652547,0,34190,1475565909959,3
1,Linearaccel,1.1963425,1.6979275,-0.039468765,0,34241,1475565910010,3
1,Linearaccel,3.0598507,1.2753911,-0.011010408,0,34291,1475565910060,3
1,Linearaccel,2.711649,1.2238097,0.0021840334,0,34341,1475565910110,3
1,Linearaccel,-0.17375374,1.2394142,-0.118793964,0,34392,1475565910161,3
1,Linearaccel,-0.7927799,0.77288246,-0.2364589,0,34442,1475565910211,3
1,Linearaccel,0.2219181,0.39177203,-0.31461716,0,34492,1475565910261,3
1,Linearaccel,0.42406368,0.18370032,0.023331165,0,34543,1475565910312,3
1,Linearaccel,-0.62826824,-0.48610377,-0.10119331,0,34593,1475565910362,3
1,Linearaccel,-1.1486301,-1.0504284,-0.17274153,0,34644,1475565910413,3
1,Linearaccel,-0.80317783,-1.3507934,-0.0073109865,0,34694,1475565910463,3
1,Linearaccel,-0.78588104,-1.6650944,0.046665907,0,34744,1475565910513,3
1,Linearaccel,-0.7973976,-2.1514056,0.099840164,0,34795,1475565910564,3
1,Linearaccel,-0.1548891,-2.3563547,0.03218651,0,34845,1475565910614,3
1,Linearaccel,0.075787544,-2.1142602,-0.11790061,0,34895,1475565910664,3
1,Linearaccel,1.0165777,-1.93117,-0.24142694,0,34946,1475565910715,3
1,Linearaccel,2.6660786,-1.6776752,-0.21131766,0,34996,1475565910765,3
1,Linearaccel,-0.16977978,-0.8408017,-0.3590176,0,35046,1475565910815,3
1,Linearaccel,-1.0795288,-0.6145787,-0.480497,0,35097,1475565910866,3
1,Linearaccel,0.93303394,-0.016710043,-0.4995464,0,35147,1475565910916,3
1,Linearaccel,0.76641655,0.6953907,-0.55765975,0,35197,1475565910966,3
1,Linearaccel,0.04774666,1.0775623,-0.57596874,0,35248,1475565911017,3
1,Linearaccel,-0.12011433,1.0315185,-0.8703208,0,35298,1475565911067,3
1,Linearaccel,0.2176466,1.6303277,-0.65115166,0,35349,1475565911118,3
1,Linearaccel,-0.35394382,1.8962226,-0.60809386,0,35399,1475565911168,3
1,Linearaccel,-0.38978577,1.9038281,-0.7148504,0,35449,1475565911218,3
1,Linearaccel,0.30391026,1.9180641,-0.59839034,0,35500,1475565911269,3
1,Linearaccel,1.1432047,1.7730851,-0.39309,0,35550,1475565911319,3
1,Linearaccel,1.7969942,1.3586521,-0.2518264,0,35600,1475565911369,3
1,Linearaccel,3.2704124,0.9469366,-0.26457667,0,35651,1475565911420,3
1,Linearaccel,1.4987907,0.9267707,-0.09821379,0,35701,1475565911470,3
1,Linearaccel,-1.360178,0.8119402,-0.26386833,0,35751,1475565911520,3
1,Linearaccel,0.03402424,-0.27797484,-0.36602128,0,35802,1475565911571,3
1,Linearaccel,0.955719,-0.08021045,-0.090816975,0,35852,1475565911621,3
1,Linearaccel,-0.2523651,-0.23680496,0.03996718,0,35902,1475565911671,3
1,Linearaccel,-1.3311148,-1.0312264,-0.12093067,0,35953,1475565911722,3
1,Linearaccel,-1.4534731,-1.1130726,0.029473305,0,36003,1475565911772,3
1,Linearaccel,-1.106925,-1.3272171,0.16522563,0,36053,1475565911822,3
1,Linearaccel,-0.7227955,-1.7262948,0.20993996,0,36104,1475565911873,3
1,Linearaccel,-0.1684227,-2.2087955,0.1452825,0,36154,1475565911923,3
1,Linearaccel,0.46674347,-2.0588639,0.17527723,0,36205,1475565911974,3
1,Linearaccel,1.1474571,-2.087622,-0.06520414,0,36255,1475565912024,3
1,Linearaccel,2.7842865,-2.0145745,0.0125101805,0,36305,1475565912074,3
1,Linearaccel,-0.28763866,-1.1832039,-0.2931025,0,36356,1475565912125,3
1,Linearaccel,-0.94003296,-1.1686974,-0.6133876,0,36406,1475565912175,3
1,Linearaccel,1.1037016,-0.556998,-0.6522038,0,36456,1475565912225,3
1,Linearaccel,0.85223675,0.49881983,-0.5689422,0,36507,1475565912276,3
1,Linearaccel,-0.18177891,0.9843302,-0.63188756,0,36557,1475565912326,3
1,Linearaccel,-0.10577965,1.1027431,-0.9070513,0,36607,1475565912376,3
1,Linearaccel,-0.033346176,1.75531,-1.0182782,0,36658,1475565912427,3
1,Linearaccel,-0.27493286,2.2357974,-0.9740281,0,36708,1475565912477,3
1,Linearaccel,-0.21208906,2.169361,-1.1299431,0,36758,1475565912527,3
1,Linearaccel,0.4518981,1.970582,-1.0531808,0,36809,1475565912578,3
1,Linearaccel,1.194035,1.7372699,-0.7634944,0,36859,1475565912628,3
1,Linearaccel,1.9107752,1.3182154,-0.41969848,0,36909,1475565912678,3
1,Linearaccel,3.0870533,0.8257675,-0.38261032,0,36960,1475565912729,3
1,Linearaccel,1.8066149,0.76974916,-0.018743277,0,37010,1475565912779,3
1,Linearaccel,-1.1478968,0.5296118,0.022435188,0,37061,1475565912830,3
1,Linearaccel,-0.284585,-0.47395492,-0.03920412,0,37111,1475565912880,3
1,Linearaccel,0.51325226,-0.09586811,0.09632969,0,37161,1475565912930,3
1,Linearaccel,-0.60416317,-0.3606012,0.09640515,0,37212,1475565912981,3
1,Linearaccel,-1.3900394,-1.0327153,-0.18172503,0,37262,1475565913031,3
1,Linearaccel,-1.2846031,-1.1215432,0.011951208,0,37312,1475565913081,3
1,Linearaccel,-1.0126095,-1.2447205,0.17448926,0,37363,1475565913132,3
1,Linearaccel,-0.7985811,-1.6658785,0.26407933,0,37413,1475565913182,3
1,Linearaccel,-0.27417278,-2.0330124,0.12301266,0,37463,1475565913232,3
1,Linearaccel,0.44186974,-2.0029278,0.10339916,0,37514,1475565913283,3
1,Linearaccel,0.60417175,-1.6701535,-0.07280028,0,37564,1475565913333,3
1,Linearaccel,2.1442223,-2.0628824,-0.2003864,0,37614,1475565913383,3
1,Linearaccel,0.9664507,-1.4289632,-0.137223,0,37665,1475565913434,3
1,Linearaccel,-1.602521,-1.1365187,-0.42658532,0,37715,1475565913484,3
1,Linearaccel,0.60671806,-1.162698,-0.7203847,0,37766,1475565913535,3
1,Linearaccel,1.4726028,-0.085800886,-0.7813386,0,37816,1475565913585,3
1,Linearaccel,-0.32035637,0.32284164,-0.87791157,0,37866,1475565913635,3
1,Linearaccel,-0.4581566,0.56782985,-1.057935,0,37917,1475565913686,3
1,Linearaccel,-0.030658722,1.2704861,-1.1180915,0,37967,1475565913736,3
1,Linearaccel,-0.31408596,1.7719102,-1.1036851,0,38017,1475565913786,3
1,Linearaccel,-0.14911652,1.9562879,-1.2129524,0,38068,1475565913837,3
1,Linearaccel,0.14139462,1.9034162,-1.1097863,0,38118,1475565913887,3
1,Linearaccel,0.8645315,2.1179185,-0.7519083,0,38168,1475565913937,3
1,Linearaccel,1.5394249,1.7687135,-0.56484985,0,38219,1475565913988,3
1,Linearaccel,3.592801,1.3175058,-0.5125382,0,38269,1475565914038,3
1,Linearaccel,1.9991179,1.275919,-0.1761477,0,38319,1475565914088,3
1,Linearaccel,-1.4232788,0.91336036,-0.112954736,0,38370,1475565914139,3
1,Linearaccel,0.092819214,0.0102005005,-0.15957093,0,38420,1475565914189,3
1,Linearaccel,1.410903,0.1444788,0.06764543,0,38470,1475565914239,3
1,Linearaccel,-0.17419338,-0.38939857,0.21466792,0,38521,1475565914290,3
1,Linearaccel,-1.4051247,-1.3696809,-0.04813814,0,38571,1475565914340,3
1,Linearaccel,-1.2791414,-1.4193759,0.0758661,0,38622,1475565914391,3
1,Linearaccel,-1.2926931,-1.4639549,0.21775949,0,38672,1475565914441,3
1,Linearaccel,-0.8902788,-2.0261803,0.049918413,0,38722,1475565914491,3
1,Linearaccel,-0.392807,-2.3652737,-0.042072892,0,38773,1475565914542,3
1,Linearaccel,0.15484047,-2.2359133,-0.07225549,0,38823,1475565914592,3
1,Linearaccel,0.73151875,-2.147737,-0.27352428,0,38873,1475565914642,3
1,Linearaccel,2.618639,-2.2342353,-0.18136954,0,38924,1475565914693,3
1,Linearaccel,0.8739147,-1.5653436,-0.3437364,0,38974,1475565914743,3
1,Linearaccel,-1.6927576,-1.0637026,-0.44901156,0,39024,1475565914793,3
1,Linearaccel,0.2562542,-1.0161917,-0.52081144,0,39075,1475565914844,3
1,Linearaccel,1.5169392,0.14780211,-0.43667877,0,39125,1475565914894,3
1,Linearaccel,0.59692574,0.91723514,-0.45719707,0,39175,1475565914944,3
1,Linearaccel,0.14048386,1.4516234,-0.7894267,0,39226,1475565914995,3
1,Linearaccel,0.051020622,1.6231513,-1.0192691,0,39276,1475565915045,3
1,Linearaccel,0.05328083,2.2895565,-0.9782027,0,39326,1475565915095,3
1,Linearaccel,-0.25075722,2.5415406,-0.7959826,0,39377,1475565915146,3
1,Linearaccel,0.0069766045,2.3936954,-1.0728,0,39427,1475565915196,3
1,Linearaccel,0.54530287,1.636208,-0.9048004,0,39478,1475565915247,3
1,Linearaccel,0.9757366,1.5391564,-0.70497656,0,39528,1475565915297,3
1,Linearaccel,2.4950666,0.65557957,-0.5283196,0,39578,1475565915347,3
1,Linearaccel,2.7733116,0.45212698,-0.21323514,0,39629,1475565915398,3
1,Linearaccel,-0.19894695,0.5770755,0.098184705,0,39679,1475565915448,3
1,Linearaccel,-0.005150795,-0.2899723,0.009992123,0,39729,1475565915498,3
1,Linearaccel,1.1096897,-0.35569215,0.0785135,0,39780,1475565915549,3
1,Linearaccel,-0.33514404,-0.1548984,0.27799046,0,39830,1475565915599,3
1,Linearaccel,-1.2231512,-0.79202247,0.0370183,0,39880,1475565915649,3
1,Linearaccel,-1.2359781,-0.90728927,0.028041124,0,39931,1475565915700,3
1,Linearaccel,-0.94053555,-0.81164455,0.21929443,0,39981,1475565915750,3
1,Linearaccel,-0.79042244,-1.2521358,0.152897,0,40031,1475565915800,3
1,Linearaccel,-0.3986168,-1.6113434,0.06308484,0,40082,1475565915851,3
1,Linearaccel,0.039344788,-1.7605711,0.10273528,0,40132,1475565915901,3
1,Linearaccel,0.19351006,-1.5908762,0.08765113,0,40183,1475565915952,3
1,Linearaccel,1.0257568,-1.8202716,-0.007928252,0,40233,1475565916002,3
1,Linearaccel,2.436575,-1.7772627,0.067855835,0,40283,1475565916052,3
1,Linearaccel,-1.4446974,-0.78755116,0.02671194,0,40334,1475565916103,3
1,Linearaccel,-1.3367281,-0.9907117,0.04418075,0,40384,1475565916153,3
1,Linearaccel,1.2892742,-0.14263248,0.15071547,0,40434,1475565916203,3
1,Linearaccel,1.0274963,0.891315,0.27989757,0,40485,1475565916254,3
1,Linearaccel,0.67774963,1.0154502,0.13428807,0,40535,1475565916304,3
1,Linearaccel,0.4987688,1.2865705,-0.24333394,0,40585,1475565916354,3
1,Linearaccel,0.26613522,2.1091895,-0.24044752,0,40636,1475565916405,3
1,Linearaccel,-0.025232315,2.2533793,-0.37346256,0,40686,1475565916455,3
1,Linearaccel,0.06764126,2.1573052,-0.47601795,0,40736,1475565916505,3
1,Linearaccel,0.26158667,2.1254563,-0.5468774,0,40787,1475565916556,3
1,Linearaccel,0.45099068,2.1634364,-0.36734807,0,40837,1475565916606,3
1,Linearaccel,0.73258114,1.7920961,-0.19000483,0,40887,1475565916656,3
1,Linearaccel,1.4812279,1.2106295,-0.18277466,0,40938,1475565916707,3
1,Linearaccel,2.5867052,0.84915257,-0.25296378,0,40988,1475565916757,3
1,Linearaccel,0.7234926,0.8383341,-0.18924141,0,41039,1475565916808,3
1,Linearaccel,-0.3695526,0.37107205,-0.36340284,0,41089,1475565916858,3
1,Linearaccel,0.98414516,-0.08112788,-0.43735385,0,41139,1475565916908,3
1,Linearaccel,1.0176764,0.016525745,-0.103984475,0,41190,1475565916959,3
1,Linearaccel,-0.2705059,-0.6242347,-0.03510523,0,41240,1475565917009,3
1,Linearaccel,-1.1431427,-1.0505676,-0.18559003,0,41290,1475565917059,3
1,Linearaccel,-0.6498766,-1.435971,0.10225618,0,41341,1475565917110,3
1,Linearaccel,-0.485178,-1.6457479,0.40027356,0,41391,1475565917160,3
1,Linearaccel,-0.53906536,-1.9861877,0.5670947,0,41441,1475565917210,3
1,Linearaccel,-0.39320755,-1.8537602,0.73294485,0,41492,1475565917261,3
1,Linearaccel,-0.48591423,-1.9794965,0.8109242,0,41542,1475565917311,3
1,Linearaccel,-0.082546234,-1.7555547,0.885007,0,41592,1475565917361,3
1,Linearaccel,-0.503644,-1.5774498,0.7483405,0,41643,1475565917412,3
1,Linearaccel,-0.042344093,-1.5889289,0.53582644,0,41693,1475565917462,3
1,Linearaccel,0.82932186,-1.0668676,0.25621748,0,41743,1475565917512,3
1,Linearaccel,-0.8679781,-0.45036268,-0.018048048,0,41794,1475565917563,3
1,Linearaccel,-0.21261501,-0.38332295,-0.13818204,0,41844,1475565917613,3
1,Linearaccel,0.30747414,-0.20638156,-0.5028864,0,41895,1475565917664,3
1,Linearaccel,1.2876387,0.277354,-0.5702996,0,41945,1475565917714,3
1,Linearaccel,0.4218464,0.54166174,-0.8526894,0,41995,1475565917764,3
1,Linearaccel,0.16196251,1.0188947,-1.0389413,0,42046,1475565917815,3
1,Linearaccel,0.03184223,1.450532,-1.0574026,0,42096,1475565917865,3
1,Linearaccel,-0.15641975,2.0547829,-1.1062841,0,42146,1475565917915,3
1,Linearaccel,0.09722853,2.1243968,-1.0111506,0,42197,1475565917966,3
1,Linearaccel,0.288239,2.0099874,-0.93056977,0,42247,1475565918016,3
1,Linearaccel,0.6976738,1.6237535,-0.7541071,0,42297,1475565918066,3
1,Linearaccel,1.096376,1.3067684,-0.35509753,0,42348,1475565918117,3
1,Linearaccel,1.8004026,0.66127586,-0.2645898,0,42398,1475565918167,3
1,Linearaccel,2.4818745,0.23171282,0.03650582,0,42448,1475565918217,3
1,Linearaccel,-0.21976757,0.4218855,0.13723505,0,42499,1475565918268,3
1,Linearaccel,-0.82093334,-0.46098375,-0.1118567,0,42549,1475565918318,3
1,Linearaccel,0.52096844,-0.65025353,-0.08116448,0,42599,1475565918368,3
1,Linearaccel,0.51349926,-0.49896026,0.06046176,0,42650,1475565918419,3
1,Linearaccel,-0.889411,-1.0053642,-0.2737298,0,42700,1475565918469,3
1,Linearaccel,-1.228198,-1.2418697,-0.2813717,0,42751,1475565918520,3
1,Linearaccel,-1.1032829,-1.1620615,-0.07227981,0,42801,1475565918570,3
1,Linearaccel,-1.0219288,-1.3511369,0.0058373213,0,42851,1475565918620,3
1,Linearaccel,-0.7627773,-1.4088764,0.10213554,0,42902,1475565918671,3
1,Linearaccel,-0.2508726,-1.7195346,0.09437466,0,42952,1475565918721,3
1,Linearaccel,0.34695435,-1.4020727,0.05595553,0,43002,1475565918771,3
1,Linearaccel,0.8560829,-1.1417623,-0.1387074,0,43053,1475565918822,3
1,Linearaccel,2.172346,-1.2735636,-0.17434096,0,43103,1475565918872,3
1,Linearaccel,-0.11461258,-0.38658714,-0.39034116,0,43153,1475565918922,3
1,Linearaccel,-0.75805473,-0.52483034,-0.71388257,0,43204,1475565918973,3
1,Linearaccel,1.6926641,-0.106016874,-0.77977455,0,43254,1475565919023,3
1,Linearaccel,1.3740168,0.67722297,-0.68565667,0,43304,1475565919073,3
1,Linearaccel,-0.3949442,0.99631476,-0.76690185,0,43355,1475565919124,3
1,Linearaccel,-0.52800274,0.84385276,-1.0140927,0,43405,1475565919174,3
1,Linearaccel,-0.20750427,1.5703502,-1.0224736,0,43456,1475565919225,3
1,Linearaccel,-0.17533588,1.769144,-0.9843559,0,43506,1475565919275,3
1,Linearaccel,-0.23030949,1.6130729,-1.0506716,0,43556,1475565919325,3
1,Linearaccel,0.1088562,1.5440383,-1.0668945,0,43607,1475565919376,3
1,Linearaccel,0.7772026,1.5103774,-0.7911072,0,43657,1475565919426,3
1,Linearaccel,1.1548653,1.0591516,-0.49414515,0,43707,1475565919476,3
1,Linearaccel,2.4668875,0.54511356,-0.4434775,0,43758,1475565919527,3
1,Linearaccel,1.9058094,0.45202637,-0.103838325,0,43808,1475565919577,3
1,Linearaccel,-0.81263065,0.5351279,0.10695195,0,43858,1475565919627,3
1,Linearaccel,-0.40122414,-0.45758176,-0.084404945,0,43909,1475565919678,3
1,Linearaccel,0.9480829,-0.31330943,0.13660884,0,43959,1475565919728,3
1,Linearaccel,-0.28929806,-0.05250573,0.33661318,0,44009,1475565919778,3
1,Linearaccel,-1.3406715,-0.6009884,0.1973716,0,44060,1475565919829,3
1,Linearaccel,-1.4667063,-0.58280563,0.27483952,0,44110,1475565919879,3
1,Linearaccel,-1.0642471,-0.7011421,0.42284584,0,44160,1475565919929,3
1,Linearaccel,-0.68633366,-1.2888882,0.30788505,0,44211,1475565919980,3
1,Linearaccel,-0.36910152,-1.6984322,0.3577739,0,44261,1475565920030,3
1,Linearaccel,0.31164074,-1.7277403,0.527635,0,44312,1475565920081,3
1,Linearaccel,0.61329174,-1.5427158,0.37532246,0,44362,1475565920131,3
1,Linearaccel,2.5701094,-1.8871017,0.37609375,0,44412,1475565920181,3
1,Linearaccel,0.742753,-1.2747252,0.15843153,0,44463,1475565920232,3
1,Linearaccel,-1.5704765,-0.982008,-0.28192186,0,44513,1475565920282,3
1,Linearaccel,0.31079292,-0.5248325,-0.42709148,0,44563,1475565920332,3
1,Linearaccel,1.2182398,0.33358955,-0.43568873,0,44614,1475565920383,3
1,Linearaccel,0.10783863,0.9175191,-0.6113287,0,44664,1475565920433,3
1,Linearaccel,-0.29736423,0.9910402,-0.9325119,0,44714,1475565920483,3
1,Linearaccel,-0.116760254,1.4920931,-0.92216074,0,44765,1475565920534,3
1,Linearaccel,-0.28007317,2.0214386,-0.91323376,0,44815,1475565920584,3
1,Linearaccel,-0.28343105,2.0145884,-0.8613174,0,44865,1475565920634,3
1,Linearaccel,0.117874146,1.9276166,-0.9145677,0,44916,1475565920685,3
1,Linearaccel,0.7929802,1.7799878,-0.70698094,0,44966,1475565920735,3
1,Linearaccel,1.2275124,1.6649384,-0.5557039,0,45016,1475565920785,3
1,Linearaccel,2.310626,0.85723114,-0.58099496,0,45067,1475565920836,3
1,Linearaccel,2.415514,0.7825022,-0.26968348,0,45117,1475565920886,3
1,Linearaccel,-0.5338087,0.8927355,-0.071582675,0,45168,1475565920937,3
1,Linearaccel,-0.0920496,-0.3242278,-0.019033432,0,45218,1475565920987,3
1,Linearaccel,1.177557,-0.38128614,0.29068065,0,45268,1475565921037,3
1,Linearaccel,-0.3821478,-0.19015169,0.6267921,0,45319,1475565921088,3
1,Linearaccel,-1.3755579,-0.9249785,0.38294148,0,45369,1475565921138,3
1,Linearaccel,-1.2284384,-0.8798063,0.42232037,0,45419,1475565921188,3
1,Linearaccel,-0.93654156,-0.9524884,0.48573792,0,45470,1475565921239,3
1,Linearaccel,-0.77178574,-1.284071,0.37888026,0,45520,1475565921289,3
1,Linearaccel,-0.5885353,-1.5075104,0.3607458,0,45570,1475565921339,3
1,Linearaccel,0.070028305,-1.624688,0.4030751,0,45621,1475565921390,3
1,Linearaccel,0.3304329,-1.4852431,0.27603722,0,45671,1475565921440,3
1,Linearaccel,2.3081894,-1.8227906,0.26836348,0,45721,1475565921490,3
1,Linearaccel,0.85040665,-1.1867948,0.12373054,0,45772,1475565921541,3
1,Linearaccel,-1.2723923,-1.0012343,-0.31400228,0,45822,1475565921591,3
1,Linearaccel,0.10689449,-0.553777,-0.37132204,0,45873,1475565921642,3
1,Linearaccel,1.431675,0.26920104,-0.2727741,0,45923,1475565921692,3
1,Linearaccel,0.86346436,1.10465,-0.3493334,0,45973,1475565921742,3
1,Linearaccel,-0.052248,1.2458761,-0.57175887,0,46024,1475565921793,3
1,Linearaccel,0.10413456,1.6804538,-0.6619526,0,46074,1475565921843,3
1,Linearaccel,0.16020107,2.1440701,-0.70322406,0,46124,1475565921893,3
1,Linearaccel,-0.13438416,2.4614162,-0.70147264,0,46175,1475565921944,3
1,Linearaccel,-0.22445107,2.4473848,-0.8033,0,46225,1475565921994,3
1,Linearaccel,0.75839424,2.2562947,-0.7798505,0,46275,1475565922044,3
1,Linearaccel,1.1628122,2.036982,-0.72598207,0,46326,1475565922095,3
1,Linearaccel,1.8318281,1.5290852,-0.7529484,0,46376,1475565922145,3
1,Linearaccel,2.9245129,0.9731469,-0.75679123,0,46426,1475565922195,3
1,Linearaccel,0.5912676,1.0213346,-0.6023681,0,46477,1475565922246,3
1,Linearaccel,0.08059502,-0.030142307,-0.43865275,0,46527,1475565922296,3
1,Linearaccel,0.878953,-0.39702058,-0.25503325,0,46577,1475565922346,3
1,Linearaccel,0.101428986,-0.28864574,0.08775723,0,46628,1475565922397,3
1,Linearaccel,-1.183526,-1.0706065,0.09309316,0,46678,1475565922447,3
1,Linearaccel,-1.2848969,-1.5641408,0.16418612,0,46729,1475565922498,3
1,Linearaccel,-0.9642496,-1.6966228,0.53509057,0,46779,1475565922548,3
1,Linearaccel,-0.8247185,-1.7215731,0.7723839,0,46829,1475565922598,3
1,Linearaccel,-0.9214411,-1.9345063,0.85318637,0,46880,1475565922649,3
1,Linearaccel,-0.2724018,-1.8703103,1.1071815,0,46930,1475565922699,3
1,Linearaccel,0.11097908,-1.5441109,1.1976548,0,46980,1475565922749,3
1,Linearaccel,1.188076,-1.4370766,1.2984533,0,47031,1475565922800,3
1,Linearaccel,2.4814196,-1.2180712,1.2329638,0,47081,1475565922850,3
1,Linearaccel,-0.98338413,-0.17210412,0.9266448,0,47131,1475565922900,3
1,Linearaccel,-1.4187679,-0.35066652,0.72156674,0,47182,1475565922951,3
1,Linearaccel,1.3161373,0.22637129,0.47829926,0,47232,1475565923001,3
1,Linearaccel,1.3784723,1.1434212,0.4390347,0,47282,1475565923051,3
1,Linearaccel,0.43496037,1.3892794,0.19074833,0,47333,1475565923102,3
1,Linearaccel,0.08930874,1.2680292,-0.3415115,0,47383,1475565923152,3
1,Linearaccel,-0.051258087,1.9901776,-0.19304729,0,47433,1475565923202,3
1,Linearaccel,-0.17312908,2.1792636,-0.28416717,0,47484,1475565923253,3
1,Linearaccel,-0.25943375,2.07337,-0.35299027,0,47534,1475565923303,3
1,Linearaccel,-0.11461258,2.1444635,-0.4209968,0,47585,1475565923354,3
1,Linearaccel,0.7981396,1.7953811,-0.37707698,0,47635,1475565923404,3
1,Linearaccel,0.892251,1.3709326,-0.3492688,0,47685,1475565923454,3
1,Linearaccel,2.0961504,0.6832576,-0.31498873,0,47736,1475565923505,3
1,Linearaccel,2.8895988,0.31983662,-0.08184528,0,47786,1475565923555,3
1,Linearaccel,-0.6531782,0.60628486,0.0076423883,0,47836,1475565923605,3
1,Linearaccel,-0.50275135,-0.6444645,-0.09034252,0,47887,1475565923656,3
1,Linearaccel,0.37660503,-0.5390744,0.18651426,0,47937,1475565923706,3
1,Linearaccel,-0.43291473,-0.12646651,0.5431603,0,47987,1475565923756,3
1,Linearaccel,-1.2363968,-1.0189977,0.32248402,0,48038,1475565923807,3
1,Linearaccel,-1.2271433,-1.0718603,0.6050502,0,48088,1475565923857,3
1,Linearaccel,-1.0537996,-1.1120522,0.7741666,0,48138,1475565923907,3
1,Linearaccel,-0.82824135,-1.6157212,0.7449187,0,48189,1475565923958,3
1,Linearaccel,-0.18368912,-1.886673,0.7427162,0,48239,1475565924008,3
1,Linearaccel,0.46156597,-2.0929217,0.5968344,0,48290,1475565924059,3
1,Linearaccel,0.8625889,-1.7833776,0.5353296,0,48340,1475565924109,3
1,Linearaccel,1.9810658,-1.8039994,0.5323527,0,48390,1475565924159,3
1,Linearaccel,0.08387661,-0.9523022,0.3435954,0,48441,1475565924210,3
1,Linearaccel,-1.470664,-0.6838908,-0.008739114,0,48491,1475565924260,3
1,Linearaccel,0.8852482,-0.0963223,-0.036193967,0,48541,1475565924310,3
1,Linearaccel,1.0033588,0.4613974,-0.22326386,0,48592,1475565924361,3
1,Linearaccel,0.050519943,1.1042349,-0.19222319,0,48642,1475565924411,3
1,Linearaccel,0.019259453,1.2927513,-0.51540375,0,48692,1475565924461,3
1,Linearaccel,0.12878132,1.806788,-0.5159707,0,48743,1475565924512,3
1,Linearaccel,-0.24450302,2.3352518,-0.53269064,0,48793,1475565924562,3
1,Linearaccel,-0.21515846,2.225953,-0.60291314,0,48843,1475565924612,3
1,Linearaccel,0.01882267,2.2885013,-0.6154424,0,48894,1475565924663,3
1,Linearaccel,0.82959795,1.9077353,-0.39127803,0,48944,1475565924713,3
1,Linearaccel,1.2931452,1.4154658,-0.17729318,0,48994,1475565924763,3
1,Linearaccel,2.5561647,0.860363,-0.24981606,0,49045,1475565924814,3
1,Linearaccel,2.5181446,0.50534916,-0.09055376,0,49095,1475565924864,3
1,Linearaccel,-0.5050278,0.568794,-0.068164706,0,49146,1475565924915,3
1,Linearaccel,-0.252573,-0.40910196,0.0071668625,0,49196,1475565924965,3
1,Linearaccel,0.6849632,-0.34441137,0.2920059,0,49246,1475565925015,3
1,Linearaccel,-0.3388996,-0.21523046,0.4961244,0,49297,1475565925066,3
1,Linearaccel,-1.2455091,-0.923861,0.28789222,0,49347,1475565925116,3
1,Linearaccel,-1.208663,-0.96021056,0.3557459,0,49397,1475565925166,3
1,Linearaccel,-1.1067505,-1.018578,0.41714573,0,49448,1475565925217,3
1,Linearaccel,-0.941617,-1.2954295,0.34537137,0,49498,1475565925267,3
1,Linearaccel,-0.6124573,-1.563395,0.34648192,0,49548,1475565925317,3
1,Linearaccel,-0.073963165,-1.4820147,0.36776137,0,49599,1475565925368,3
1,Linearaccel,0.59421444,-1.3913856,0.35639226,0,49649,1475565925418,3
1,Linearaccel,2.7711363,-1.5196962,0.3359362,0,49699,1475565925468,3
1,Linearaccel,1.177947,-0.72535014,0.330369,0,49750,1475565925519,3
1,Linearaccel,-1.6474485,-0.6368973,-0.09907639,0,49800,1475565925569,3
1,Linearaccel,0.42030907,-0.6665828,-0.03606081,0,49850,1475565925619,3
1,Linearaccel,1.3954992,0.46212506,-0.042052746,0,49901,1475565925670,3
1,Linearaccel,0.2283802,0.9472697,-0.1410476,0,49951,1475565925720,3
1,Linearaccel,-0.20954227,1.0729318,-0.67240644,0,50002,1475565925771,3
1,Linearaccel,0.19468117,1.618659,-0.77596724,0,50052,1475565925821,3
1,Linearaccel,0.0823822,2.2477818,-0.8518653,0,50102,1475565925871,3
1,Linearaccel,0.0037078857,2.258582,-0.8312645,0,50153,1475565925922,3
1,Linearaccel,0.33970976,2.1808562,-0.90841436,0,50203,1475565925972,3
1,Linearaccel,0.5699601,2.0960927,-0.7582344,0,50253,1475565926022,3
1,Linearaccel,0.71469784,1.5667486,-0.70162606,0,50304,1475565926073,3
1,Linearaccel,1.903552,1.1536074,-0.40368843,0,50354,1475565926123,3
1,Linearaccel,2.6544924,0.60147285,-0.15617692,0,50404,1475565926173,3
1,Linearaccel,0.009591103,0.73054457,0.12999904,0,50455,1475565926224,3
1,Linearaccel,-0.69327927,-0.3896811,0.026575327,0,50505,1475565926274,3
1,Linearaccel,0.81724167,-0.9224582,0.2545327,0,50555,1475565926324,3
1,Linearaccel,0.006919861,-0.84327817,0.5276581,0,50606,1475565926375,3
1,Linearaccel,-0.93263435,-1.9794817,0.28846097,0,50656,1475565926425,3
1,Linearaccel,-1.2859592,-2.153971,0.31362677,0,50707,1475565926476,3
1,Linearaccel,-1.4159975,-2.2567728,0.5437424,0,50757,1475565926526,3
1,Linearaccel,-1.4970417,-2.2855363,0.6101116,0,50807,1475565926576,3
1,Linearaccel,-0.77446556,-2.1188838,0.46509135,0,50858,1475565926627,3
1,Linearaccel,-0.58540535,-1.6884286,0.34205127,0,50908,1475565926677,3
1,Linearaccel,0.011263847,-1.2180383,0.27285767,0,50958,1475565926727,3
1,Linearaccel,2.1193504,-1.4549067,0.05902946,0,51009,1475565926778,3
1,Linearaccel,2.9719868,-0.71621656,0.0640136,0,51059,1475565926828,3
1,Linearaccel,1.3877268,-0.14763308,-0.1655401,0,51109,1475565926878,3
1,Linearaccel,-1.1992178,0.42038107,-0.5986271,0,51160,1475565926929,3
1,Linearaccel,0.085894585,0.46129704,-0.8574157,0,51210,1475565926979,3
1,Linearaccel,1.2219276,1.2613091,-0.9143841,0,51260,1475565927029,3
1,Linearaccel,0.20880508,2.121128,-1.1718118,0,51311,1475565927080,3
1,Linearaccel,-0.59756947,1.99962,-1.414067,0,51361,1475565927130,3
1,Linearaccel,-0.46616554,1.9561305,-1.468354,0,51411,1475565927180,3
1,Linearaccel,0.091934204,2.1034465,-1.1760488,0,51462,1475565927231,3
1,Linearaccel,0.15122128,1.8157449,-0.982846,0,51512,1475565927281,3
1,Linearaccel,0.5425186,1.2426424,-0.7657566,0,51563,1475565927332,3
1,Linearaccel,0.92260075,0.8379431,-0.40306997,0,51613,1475565927382,3
1,Linearaccel,1.7208748,0.33428717,-0.33868146,0,51663,1475565927432,3
1,Linearaccel,2.0828333,-0.0073008537,-0.2062161,0,51714,1475565927483,3
1,Linearaccel,-0.3589325,-0.10251117,-0.25079882,0,51764,1475565927533,3
1,Linearaccel,-0.71571255,-0.87489533,-0.41052127,0,51814,1475565927583,3
1,Linearaccel,0.7955446,-0.8872776,-0.042185426,0,51865,1475565927634,3
1,Linearaccel,-0.160182,-0.77528644,-0.046235085,0,51915,1475565927684,3
1,Linearaccel,-1.3156157,-1.3118241,-0.24805033,0,51965,1475565927734,3
1,Linearaccel,-1.0054398,-1.4717336,-0.10637438,0,52016,1475565927785,3
1,Linearaccel,-0.9137764,-1.3875784,0.13773882,0,52066,1475565927835,3
1,Linearaccel,-1.0501795,-1.7043332,0.15464878,0,52116,1475565927885,3
1,Linearaccel,-0.85421276,-1.9302517,0.14775395,0,52167,1475565927936,3
1,Linearaccel,0.16399384,-1.8251975,0.23916018,0,52217,1475565927986,3
1,Linearaccel,0.6273136,-1.394141,0.017850876,0,52267,1475565928036,3
1,Linearaccel,2.3672028,-1.5889952,-0.17757773,0,52318,1475565928087,3
1,Linearaccel,1.6936207,-0.6698985,-0.33680582,0,52368,1475565928137,3
1,Linearaccel,-1.1856756,-0.36349273,-0.61870694,0,52419,1475565928188,3
1,Linearaccel,0.8147516,-0.26768517,-0.7032188,0,52469,1475565928238,3
1,Linearaccel,1.6102324,0.7176001,-0.83500814,0,52519,1475565928288,3
1,Linearaccel,0.37567234,1.5765891,-0.74996424,0,52570,1475565928339,3
1,Linearaccel,-0.72316265,1.3460183,-1.1096166,0,52620,1475565928389,3
1,Linearaccel,-0.06952381,1.5334325,-1.1295867,0,52670,1475565928439,3
1,Linearaccel,0.14529419,1.9110804,-0.9796705,0,52721,1475565928490,3
1,Linearaccel,-0.28145123,1.9179745,-0.97255826,0,52771,1475565928540,3
1,Linearaccel,-0.28929043,1.7368546,-1.0133419,0,52821,1475565928590,3
1,Linearaccel,0.2596302,1.5476046,-0.7684566,0,52872,1475565928641,3
1,Linearaccel,0.8789425,1.4114022,-0.50797343,0,52922,1475565928691,3
1,Linearaccel,2.045679,0.7040148,-0.4106027,0,52972,1475565928741,3
1,Linearaccel,3.1276484,0.2523675,-0.21964645,0,53023,1475565928792,3
1,Linearaccel,0.8484745,0.26769495,-0.014231443,0,53073,1475565928842,3
1,Linearaccel,-1.4080219,-0.24970698,-0.31574988,0,53123,1475565928892,3
1,Linearaccel,0.0658474,-0.8629279,-0.14424026,0,53174,1475565928943,3
1,Linearaccel,0.85355854,-0.68123126,0.08172345,0,53224,1475565928993,3
1,Linearaccel,-0.7632599,-1.0110388,-0.049730778,0,53275,1475565929044,3
1,Linearaccel,-1.5489626,-1.3793125,-0.12056947,0,53325,1475565929094,3
1,Linearaccel,-1.2463617,-1.3658121,0.057792664,0,53375,1475565929144,3
1,Linearaccel,-0.9770088,-1.5523196,0.21675575,0,53426,1475565929195,3
1,Linearaccel,-0.7220955,-1.9138145,0.18795848,0,53476,1475565929245,3
1,Linearaccel,-0.5011158,-2.2109897,0.3358462,0,53526,1475565929295,3
1,Linearaccel,-0.025492668,-1.978725,0.2933588,0,53577,1475565929346,3
1,Linearaccel,0.2639284,-1.5381061,0.13536894,0,53627,1475565929396,3
1,Linearaccel,1.1141644,-1.5819249,-0.11369932,0,53677,1475565929446,3
1,Linearaccel,2.0720263,-1.3789768,-0.22582328,0,53728,1475565929497,3
1,Linearaccel,-0.32598782,-0.6188836,-0.48818707,0,53778,1475565929547,3
1,Linearaccel,-0.8529806,-0.6618557,-0.76599956,0,53828,1475565929597,3
1,Linearaccel,1.3591003,-0.26570702,-0.98466647,0,53879,1475565929648,3
1,Linearaccel,1.7064342,0.9617064,-0.6682285,0,53929,1475565929698,3
1,Linearaccel,0.70050526,1.4394791,-1.0990248,0,53980,1475565929749,3
1,Linearaccel,0.30245018,1.3938775,-1.1941061,0,54030,1475565929799,3
1,Linearaccel,0.5278578,2.3604379,-1.1866019,0,54080,1475565929849,3
1,Linearaccel,-0.4741583,2.3521705,-1.2332263,0,54131,1475565929900,3
1,Linearaccel,-0.5909796,2.185658,-1.2099059,0,54181,1475565929950,3
1,Linearaccel,-0.17063713,1.9331436,-1.0840101,0,54231,1475565930000,3
1,Linearaccel,0.47816563,1.5653429,-0.8405869,0,54282,1475565930051,3
1,Linearaccel,0.82275486,0.85679007,-0.6134591,0,54332,1475565930101,3
1,Linearaccel,1.3889341,0.079835415,-0.43717098,0,54382,1475565930151,3
1,Linearaccel,2.44388,-0.26744175,-0.2109294,0,54433,1475565930202,3
1,Linearaccel,1.3665056,-0.34080648,0.021161318,0,54483,1475565930252,3
1,Linearaccel,-0.9995775,-0.51860166,-0.15450382,0,54533,1475565930302,3
1,Linearaccel,-0.27039623,-1.180201,-0.2178452,0,54584,1475565930353,3
1,Linearaccel,0.80613136,-0.7392111,0.15390003,0,54634,1475565930403,3
1,Linearaccel,-0.44808674,-0.9072528,-0.02082479,0,54684,1475565930453,3
1,Linearaccel,-1.1636524,-1.4321964,-0.20949638,0,54735,1475565930504,3
1,Linearaccel,-1.084095,-1.3534822,-0.12403548,0,54785,1475565930554,3
1,Linearaccel,-1.0230846,-1.6076384,0.0011358261,0,54836,1475565930605,3
1,Linearaccel,-0.81746006,-1.8568408,0.059445262,0,54886,1475565930655,3
1,Linearaccel,-0.80438805,-1.8276424,0.12070954,0,54936,1475565930705,3
1,Linearaccel,-0.040831566,-1.8711448,-0.12419593,0,54987,1475565930756,3
1,Linearaccel,0.1898117,-1.2225964,-0.22001934,0,55037,1475565930806,3
1,Linearaccel,0.80626106,-0.7352159,-0.5132636,0,55087,1475565930856,3
1,Linearaccel,2.9397717,-0.8088031,-0.5169393,0,55138,1475565930907,3
1,Linearaccel,1.0450468,0.71488905,-0.9357369,0,55188,1475565930957,3
1,Linearaccel,-0.3831091,1.287622,-1.1547184,0,55238,1475565931007,3
1,Linearaccel,1.4127197,0.80811405,-1.4445114,0,55289,1475565931058,3
1,Linearaccel,1.7237091,1.2723017,-1.5483077,0,55339,1475565931108,3
1,Linearaccel,1.34975,1.4961772,-1.4036186,0,55389,1475565931158,3
1,Linearaccel,0.6423774,1.2199488,-1.2708073,0,55440,1475565931209,3
1,Linearaccel,0.45158195,0.9237385,-1.1488969,0,55490,1475565931259,3
1,Linearaccel,0.38767385,0.5362115,-1.0060568,0,55540,1475565931309,3
1,Linearaccel,0.4301176,0.21065235,-0.78349566,0,55591,1475565931360,3
1,Linearaccel,0.19723272,0.19990873,-0.7551296,0,55641,1475565931410,3
1,Linearaccel,-0.027934551,0.012872219,-0.50165796,0,55692,1475565931461,3
1,Linearaccel,0.40257692,-0.28545237,-0.2852173,0,55742,1475565931511,3
1,Linearaccel,0.11481285,0.09124088,-0.32584095,0,55792,1475565931561,3
1,Linearaccel,-0.27543974,0.1382699,-0.3501253,0,55843,1475565931612,3
1,Linearaccel,-0.22587872,-0.059821606,-0.24902654,0,55893,1475565931662,3
1,Linearaccel,-0.015840054,-0.37452412,-0.23318768,0,55943,1475565931712,3
1,Linearaccel,0.2634244,-0.4227438,0.07829952,0,55994,1475565931763,3
1,Linearaccel,-0.011393547,-0.37475872,0.031878233,0,56044,1475565931813,3
1,Linearaccel,-0.3019538,-0.3683462,0.04080081,0,56094,1475565931863,3
1,Linearaccel,-0.26522684,-0.30782413,-0.013110638,0,56145,1475565931914,3
1,Linearaccel,-0.14103985,-0.37568235,-0.09403634,0,56195,1475565931964,3
1,Linearaccel,-0.015995026,-0.54872227,-0.19868731,0,56245,1475565932014,3
1,Linearaccel,-0.02371788,-0.4342451,-0.2881961,0,56296,1475565932065,3
1,Linearaccel,-0.26338577,-0.42585945,-0.29446697,0,56346,1475565932115,3
1,Linearaccel,-0.24507904,-0.3897643,-0.33008695,0,56396,1475565932165,3
1,Linearaccel,-0.01540041,-0.45877266,-0.18847275,0,56447,1475565932216,3
1,Linearaccel,0.017292976,-0.44444942,-0.21458411,0,56497,1475565932266,3
1,Linearaccel,0.031414032,-0.3080907,-0.10973024,0,56548,1475565932317,3
1,Linearaccel,-0.13489056,-0.28325224,-0.15040946,0,56598,1475565932367,3
1,Linearaccel,-0.22742748,-0.10808706,-0.11771679,0,56648,1475565932417,3
1,Linearaccel,-0.10808039,-0.14480686,-0.099910975,0,56699,1475565932468,3
1,Linearaccel,-0.116324425,-0.066998005,-0.06859374,0,56749,1475565932518,3
1,Linearaccel,-0.09510422,-0.033502102,-0.11044788,0,56799,1475565932568,3
1,Linearaccel,0.04992485,-0.21995878,-0.05043602,0,56850,1475565932619,3
1,Linearaccel,0.086709976,-0.13555098,0.061521053,0,56900,1475565932669,3
1,Linearaccel,-0.09352827,-0.1856389,-0.019158602,0,56950,1475565932719,3
1,Linearaccel,-0.165483,0.035367012,0.09805179,0,57001,1475565932770,3
1,Linearaccel,-0.06777525,-0.030094624,0.038706303,0,57051,1475565932820,3
1,Linearaccel,-0.10803509,-0.09603357,0.060304165,0,57101,1475565932870,3
1,Linearaccel,-3.528595E-4,-0.048600197,-0.00884223,0,57152,1475565932921,3
1,Linearaccel,0.12551785,-0.084950924,0.05215311,0,57202,1475565932971,3
1,Linearaccel,-0.056583405,-0.01341629,0.007151842,0,57253,1475565933022,3
1,Linearaccel,-0.13134766,0.10940266,0.05810404,0,57303,1475565933072,3
1,Linearaccel,-0.012643814,-0.030447006,0.03162694,0,57353,1475565933122,3
1,Linearaccel,0.037210464,-0.037918568,0.029887915,0,57404,1475565933173,3
1,Linearaccel,0.0028014183,-0.20205402,-0.016735315,0,57454,1475565933223,3
1,Linearaccel,-0.08973694,-0.11090469,-0.08468866,0,57504,1475565933273,3
1,Linearaccel,-0.10547638,-0.05553913,-0.019940853,0,57555,1475565933324,3
1,Linearaccel,-0.08861494,-0.057723522,-0.024804592,0,57605,1475565933374,3
1,Linearaccel,-0.059314728,-0.08114767,0.010554552,0,57655,1475565933424,3
1,Linearaccel,-0.010628223,-0.09470892,-0.025729656,0,57706,1475565933475,3
1,Linearaccel,0.0010385513,-0.03365898,0.0017325878,0,57756,1475565933525,3
1,Linearaccel,-0.08379316,-0.062005997,-0.06714177,0,57806,1475565933575,3
1,Linearaccel,0.005903721,0.016187668,0.019777775,0,57857,1475565933626,3
1,Linearaccel,0.012465477,-0.12604809,-0.05172038,0,57907,1475565933676,3
1,Linearaccel,-0.03386116,-0.029130459,-0.010191441,0,57957,1475565933726,3
1,Linearaccel,-0.041745663,-0.062433243,-0.047192574,0,58008,1475565933777,3
1,Linearaccel,-0.08439064,-0.017619133,0.008354425,0,58058,1475565933827,3
1,Linearaccel,-0.035892487,-0.052556515,0.0023591518,0,58109,1475565933878,3
1,Linearaccel,0.015233517,-0.07508516,0.009372473,0,58159,1475565933928,3
1,Linearaccel,0.02268362,-0.013942242,0.05894184,0,58209,1475565933978,3
1,Linearaccel,-0.013939381,-0.014308929,-0.0052058697,0,58260,1475565934029,3
1,Linearaccel,-0.032603264,0.16117811,0.048094988,0,58310,1475565934079,3
1,Linearaccel,0.0072193146,-0.124399185,-0.045781374,0,58360,1475565934129,3
1,Linearaccel,0.06942654,0.038212776,-0.017900467,0,58411,1475565934180,3
1,Linearaccel,-0.029277325,-0.05569458,-0.020604849,0,58461,1475565934230,3
1,Linearaccel,-0.037086964,0.020563126,-0.04530263,0,58511,1475565934280,3
1,Linearaccel,0.013096809,0.040275097,-0.023992777,0,58562,1475565934331,3
1,Linearaccel,0.0434556,-0.06296158,-0.044903517,0,58612,1475565934381,3
1,Linearaccel,-0.058354855,0.041021347,-0.031714916,0,58662,1475565934431,3
1,Linearaccel,-0.15077972,-0.034285545,-0.013186932,0,58713,1475565934482,3
1,Linearaccel,-0.04274559,-0.03903818,0.013343573,0,58763,1475565934532,3
1,Linearaccel,0.050829887,-0.12172842,0.0075793266,0,58813,1475565934582,3
1,Linearaccel,0.025099277,-0.051753044,0.008806229,0,58864,1475565934633,3
1,Linearaccel,-0.025116444,-0.04148817,0.030438185,0,58914,1475565934683,3
1,Linearaccel,-0.033228397,0.0195508,0.016671896,0,58965,1475565934734,3
1,Linearaccel,-0.039841175,0.033950806,0.045567274,0,59015,1475565934784,3
1,Linearaccel,-0.006760597,-0.057211876,0.02464962,0,59065,1475565934834,3
1,Linearaccel,-0.018174648,0.0013494492,0.017400742,0,59116,1475565934885,3
1,Linearaccel,-0.02773428,-0.064573765,-0.007879972,0,59166,1475565934935,3
1,Linearaccel,-0.01723528,0.0020575523,0.052823305,0,59216,1475565934985,3
1,Linearaccel,-0.019390583,-0.042365074,-0.02806449,0,59267,1475565935036,3
1,Linearaccel,-0.029238224,0.004816532,-0.012903452,0,59317,1475565935086,3
1,Linearaccel,0.042651653,-0.035985947,0.0079398155,0,59367,1475565935136,3
1,Linearaccel,-0.036362648,0.04210043,0.012847185,0,59418,1475565935187,3
1,Linearaccel,-0.0057992935,-0.06553459,-0.036600113,0,59468,1475565935237,3
1,Linearaccel,-0.01554966,-0.03434944,-0.032633543,0,59518,1475565935287,3
1,Linearaccel,-0.032444,0.015885353,-0.0033273697,0,59569,1475565935338,3
1,Linearaccel,-0.020683765,-0.020807266,0.0027730465,0,59619,1475565935388,3
1,Linearaccel,-0.012299061,-0.022546768,0.01670885,0,59670,1475565935439,3
1,Linearaccel,0.02094841,-0.036314487,-0.052717686,0,59720,1475565935489,3
1,Linearaccel,-0.022439003,0.0016050339,-0.03887868,0,59770,1475565935539,3
1,Linearaccel,0.029640675,-0.0431695,-0.017109156,0,59821,1475565935590,3
1,Linearaccel,-0.033730507,-0.0013480186,-0.017096758,0,59871,1475565935640,3
1,Linearaccel,-0.032079697,-0.0047221184,-0.05547452,0,59921,1475565935690,3
1,Linearaccel,0.018949986,-0.04699993,-0.04450035,0,59972,1475565935741,3
1,Linearaccel,0.01371479,-0.019968033,-0.011438847,0,60022,1475565935791,3
1,Linearaccel,-0.026953697,0.053021908,0.02149272,0,60072,1475565935841,3
1,Linearaccel,-0.0050616264,-0.057534218,-0.041935682,0,60123,1475565935892,3
1,Linearaccel,-0.026317596,-0.035010338,-0.008015394,0,60173,1475565935942,3
1,Linearaccel,-0.03003645,0.050309658,0.05358672,0,60223,1475565935992,3
1,Linearaccel,0.033998013,-0.02118206,0.010543108,0,60274,1475565936043,3
1,Linearaccel,0.006403446,-2.3365021E-4,0.011600018,0,60324,1475565936093,3
1,Linearaccel,-0.0036907196,-0.044646263,-0.024216175,0,60374,1475565936143,3
1,Linearaccel,-0.02444458,0.003824234,-0.02834487,0,60425,1475565936194,3
1,Linearaccel,-0.02074194,-0.03251171,0.0020811558,0,60475,1475565936244,3
1,Linearaccel,-0.019348621,-0.003903389,-0.012672186,0,60526,1475565936295,3
1,Linearaccel,-0.025867462,-0.008838177,-0.034713507,0,60576,1475565936345,3
1,Linearaccel,0.013647556,-0.05789852,-0.014751434,0,60626,1475565936395,3
1,Linearaccel,-0.042397976,-0.024136543,0.013339281,0,60677,1475565936446,3
1,Linearaccel,-0.0018615723,-0.025148392,0.016097307,0,60727,1475565936496,3
1,Linearaccel,-0.01685524,-0.017097473,-0.02606368,0,60777,1475565936546,3
1,Linearaccel,0.008369923,0.02532196,-0.025813341,0,60828,1475565936597,3
1,Linearaccel,0.018165112,-0.029303074,-0.015295744,0,60878,1475565936647,3
1,Linearaccel,0.008093834,-0.02887249,-0.002158165,0,60928,1475565936697,3
1,Linearaccel,-0.017871857,0.020501614,-0.021724224,0,60979,1475565936748,3
1,Linearaccel,-0.036108494,0.011353493,-0.025059938,0,61029,1475565936798,3
1,Linearaccel,-0.0023732185,-0.016910553,-0.011577845,0,61079,1475565936848,3
1,Linearaccel,-0.023790836,-0.036272526,0.024594069,0,61130,1475565936899,3
1,Linearaccel,-0.026465893,0.023518562,0.022457838,0,61180,1475565936949,3
1,Linearaccel,0.0019397736,-0.01489687,-0.033693075,0,61230,1475565936999,3
1,Linearaccel,0.016982079,0.012347698,-0.015158892,0,61281,1475565937050,3
1,Linearaccel,-0.008556843,-0.006652832,-0.020409107,0,61331,1475565937100,3
1,Linearaccel,-0.035551548,-0.068703175,-0.020455837,0,61382,1475565937151,3
1,Linearaccel,-0.016926765,0.018616676,0.005772352,0,61432,1475565937201,3
1,Linearaccel,-0.0050139427,0.018294334,0.013716698,0,61482,1475565937251,3
1,Linearaccel,0.048171997,-0.014810562,0.013917685,0,61533,1475565937302,3
1,Linearaccel,-0.024580956,-0.007185459,-0.002190113,0,61583,1475565937352,3
1,Linearaccel,-0.021448135,0.032034874,-0.012244463,0,61633,1475565937402,3
1,Linearaccel,0.015590668,-0.090662,-0.03127432,0,61684,1475565937453,3
1,Linearaccel,-0.020664692,-0.03071165,0.039651632,0,61734,1475565937503,3
1,Linearaccel,-0.0073161125,-0.048258305,0.015038013,0,61784,1475565937553,3
1,Linearaccel,-0.04897642,-0.010495663,-0.04652691,0,61835,1475565937604,3
1,Linearaccel,-0.01646328,-0.041128635,-0.05220318,0,61885,1475565937654,3
1,Linearaccel,0.008127689,-0.0059161186,-0.008870602,0,61935,1475565937704,3
1,Linearaccel,-0.010052681,-0.027913094,0.010019779,0,61986,1475565937755,3
1,Linearaccel,-0.04830265,-0.036733627,-0.013621092,0,62036,1475565937805,3
1,Linearaccel,-0.035567284,-0.047445297,-0.020045519,0,62086,1475565937855,3
1,Linearaccel,-0.021799088,0.0241642,0.0037181377,0,62137,1475565937906,3
1,Linearaccel,0.025579453,-0.04525709,-0.012483358,0,62187,1475565937956,3
1,Linearaccel,0.03954315,-9.6321106E-4,-0.025153399,0,62238,1475565938007,3
1,Linearaccel,-0.026302338,0.024517536,-0.008363247,0,62288,1475565938057,3
1,Linearaccel,-0.038527012,0.020889759,0.005483389,0,62338,1475565938107,3
1,Linearaccel,-0.0277915,-0.04936838,0.0037016869,0,62389,1475565938158,3
1,Linearaccel,-0.023866177,-0.028083324,0.045131445,0,62439,1475565938208,3
1,Linearaccel,-0.027243614,-0.00823164,-1.3780594E-4,0,62489,1475565938258,3
1,Linearaccel,0.0014019012,0.019979954,-0.019129515,0,62540,1475565938309,3
1,Linearaccel,0.02630949,0.03417349,0.020679474,0,62590,1475565938359,3
1,Linearaccel,0.02039957,-0.035344124,0.04525423,0,62640,1475565938409,3
1,Linearaccel,-0.021632671,-0.04761839,0.019731522,0,62691,1475565938460,3
1,Linearaccel,-0.055268764,0.010837555,-0.034208775,0,62741,1475565938510,3
1,Linearaccel,-0.01633501,0.06279278,0.01721549,0,62791,1475565938560,3
1,Linearaccel,-0.027724743,-0.02829361,0.04223013,0,62842,1475565938611,3
1,Linearaccel,-0.03208351,-0.06624317,-0.05063176,0,62892,1475565938661,3
1,Linearaccel,-0.04564047,-9.741783E-4,-0.039743185,0,62943,1475565938712,3
1,Linearaccel,0.015075684,-0.02133274,-0.016709805,0,62993,1475565938762,3
1,Linearaccel,-0.025759697,-0.07168579,-0.0063204765,0,63043,1475565938812,3
1,Linearaccel,-0.018580914,0.006667614,-0.009239674,0,63094,1475565938863,3
1,Linearaccel,-0.0047135353,0.036123276,-0.012915611,0,63144,1475565938913,3
1,Linearaccel,-0.010060787,0.021286488,0.01683855,0,63194,1475565938963,3
1,Linearaccel,0.02445221,-0.08241558,-0.034790516,0,63245,1475565939014,3
1,Linearaccel,-0.015901566,0.03470421,-0.02421999,0,63295,1475565939064,3
1,Linearaccel,-0.005993843,-0.012643814,0.010296583,0,63345,1475565939114,3
1,Linearaccel,-0.004989147,-0.04497862,0.028144598,0,63396,1475565939165,3
1,Linearaccel,-0.027675152,0.013692379,-0.09826136,0,63446,1475565939215,3
1,Linearaccel,-0.048563004,-0.075572014,0.05131054,0,63496,1475565939265,3
